
Error results for GA (toMutate: 150)
---------------------------
390.824
497.888
922.158
379.653
966.448
964.152
408.307
663.227
1230.178
593.795
632.599
437.903
382.263
390.542
433.312
382.880
846.122
382.880
401.855
436.359
376.990
380.701
389.245
387.805
405.631
371.307
578.890
378.984
369.899
370.322
368.665
364.186
369.622
403.777
369.725
391.951
376.689
380.859
378.975
369.748
494.255
542.204
361.517
368.940
365.338
360.476
417.790
377.186
368.820
373.027
368.127
368.148
371.413
361.596
365.195
376.042
369.635
369.065
365.259
369.504
370.930
371.902
364.199
367.504
366.972
402.888
371.109
365.935
362.246
360.995
367.864
378.281
366.728
367.338
368.151
366.266
363.831
364.840
369.373
362.695
367.174
364.265
368.488
368.864
369.913
368.529
372.586
368.600
362.150
366.997
369.328
373.014
372.412
361.418
364.634
369.060
366.919
368.709
368.233
369.134
371.389
365.916
368.504
368.778
370.203
368.063
366.901
366.048
360.063
365.324
367.497
364.082
363.035
371.661
360.478
354.912
362.799
394.236
369.230
372.668
363.758
367.703
363.715
407.229
368.129
366.860
366.606
368.244
367.086
366.312
364.697
372.160
369.589
362.792
367.753
369.693
369.275
371.802
366.896
359.245
383.116
371.320
367.440
373.803
368.267
364.738
368.571
380.722
365.292
369.284
380.108
368.429
367.690
372.765
390.042
376.580
368.132
365.328
360.765
361.490
373.885
417.185
375.443
371.917
363.517
372.614
366.735
371.608
385.260
362.682
363.461
364.470
363.460
369.987
365.044
374.069
367.104
362.357
370.366
365.890
371.109
375.197
369.505
365.311
374.055
442.702
370.113
361.899
373.343
364.334
359.838
371.617
380.582
367.701
368.255
368.603
371.316
359.559
369.652
363.304
373.315
365.986
371.978
366.249
366.975
407.745
370.896
367.339
361.840
363.442
372.709
371.870
363.650
364.429
366.161
402.781
363.314
368.079
371.523
371.605
365.145
370.656
370.125
378.344
375.127
364.774
372.968
371.055
372.872
368.553
369.823
378.668
372.826
373.381
365.565
373.991
370.201
372.256
369.243
369.243
370.361
372.543
372.459
366.229
369.994
368.668
383.584
369.042
369.194
372.594
369.459
373.783
363.855
373.779
373.779
375.036
373.200
370.755
370.309
375.367
371.465
369.677
368.976
371.505
370.754
370.588
368.452
374.978
371.608
372.813
368.622
374.307
416.664
374.824
375.068
374.770
370.654
373.248
371.769
369.153
366.475
373.824
371.790
368.921
371.055
373.888
374.751
361.557
367.826
368.951
373.779
374.483
370.932
375.439
373.275
374.377
373.376
374.939
375.588
372.151
373.481
367.366
375.023
368.624
369.886
373.127
360.354
373.388
373.200
372.970
373.102
371.611
380.591
371.168
369.711
359.944
373.042
367.522
367.812
371.806
367.095
378.379
373.939
372.547
372.272
374.351
374.833
374.655
376.057
373.560
370.408
363.644
375.506
370.137
369.656
369.110
363.770
368.898
377.670
372.928
373.008
373.264
370.301
368.876
382.215
366.332
370.727
369.906
371.689
370.188
371.396
362.843
373.561
373.039
363.724
373.401
374.188
367.264
367.781
366.253
367.382
370.104
369.259
374.897
366.982
371.194
365.728
372.487
371.287
372.579
374.994
370.865
365.022
363.869
373.879
376.857
373.321
376.828
354.848
364.310
374.591
355.447
382.654
369.298
363.655
372.483
368.892
364.540
370.375
364.765
365.996
380.335
369.782
373.459
382.108
377.511
370.815
370.975
373.136
371.325
371.410
370.882
368.410
364.340
366.797
373.163
412.032
377.453
373.660
359.676
366.705
367.387
360.061
368.408
368.620
372.455
376.254
389.340
373.871
384.247
364.651
370.588
367.569
362.802
383.266
370.008
379.257
377.942
376.092
380.645
367.741
367.234
373.329
365.867
372.420
376.332
375.783
374.504
369.340
376.278
366.614
369.851
373.257
370.045
370.730
368.994
373.093
359.299
371.966
369.707
358.345
390.848
371.863
375.103
368.344
370.061
372.133
361.464
372.119
373.528
378.630
365.667
375.564
365.000
366.004
373.271
372.283
371.582
368.711
370.219
370.224
378.156
374.606
371.526
383.834
375.199
373.475
427.929
367.490
372.577
375.226
370.487
373.837
374.385
372.004
372.479
374.632
363.942
368.148
373.246
371.729
375.267
375.074
369.781
372.708
371.153
369.852
374.846
369.912
373.174

Results for GA: 
Correctly classified 19247.0 instances.
Incorrectly classified 753.0 instances.
Percent correctly classified: 96.235%
Training time: 2659.175 seconds
Testing time: 0.092 seconds

inputLayer=16, hiddenLayer=16, outputLayer=1, trainingIterations=500, population=200, toMate=100, toMutate=150
