
Error results for GA (toMutate: 200)
---------------------------
928.338
627.140
557.661
478.116
460.511
566.404
395.486
565.833
619.037
642.386
478.740
377.232
485.609
470.115
355.970
372.017
566.799
554.547
672.844
387.264
457.686
384.706
376.099
513.530
385.974
392.743
360.825
375.591
396.924
372.948
366.572
366.791
413.895
382.736
362.968
415.225
369.824
377.372
372.709
405.349
622.337
371.542
369.862
368.496
368.341
370.011
368.930
363.744
374.683
373.295
359.394
366.534
364.543
370.574
375.660
361.833
364.933
362.309
374.111
394.376
363.349
379.207
433.339
373.319
371.791
387.890
374.892
405.793
372.659
363.047
362.308
372.408
364.977
419.007
370.583
374.726
384.149
362.446
360.824
371.235
373.304
364.238
363.760
364.898
367.595
369.329
372.783
372.694
361.428
373.213
361.880
373.264
368.055
373.222
374.144
363.206
374.999
365.630
370.597
366.273
368.901
374.366
366.852
370.524
366.527
365.073
365.160
367.361
368.132
373.141
368.310
377.837
376.406
368.215
368.453
373.228
363.247
370.727
375.983
372.208
375.414
358.840
369.125
373.817
373.337
371.328
368.250
369.848
389.483
506.859
376.922
372.166
369.070
373.802
374.207
423.027
377.845
371.862
370.279
374.045
374.262
387.636
374.806
368.246
374.392
361.921
363.095
366.028
366.852
374.706
373.550
374.138
398.666
370.920
371.075
370.327
377.488
370.027
386.858
372.485
363.508
372.482
374.456
374.937
378.715
375.667
374.461
374.150
372.782
374.411
394.884
372.176
370.728
374.575
374.847
368.985
362.904
372.596
375.371
374.233
372.258
369.780
372.136
372.164
369.660
369.581
372.225
373.478
373.206
373.105
370.431
367.197
369.941
374.045
371.699
368.874
370.670
370.905
365.028
367.482
362.455
372.262
372.760
366.635
370.042
373.308
375.404
374.259
373.794
373.448
369.866
371.200
375.039
374.670
367.550
367.076
370.484
363.297
385.912
377.979
372.710
374.106
361.142
360.990
374.474
374.848
375.002
370.362
369.505
404.340
360.074
371.794
368.544
369.685
361.430
373.381
373.508
369.077
372.998
375.624
364.047
366.649
364.531
360.993
368.136
371.586
372.514
373.284
373.242
370.626
368.471
374.608
371.629
370.183
371.001
373.217
372.120
374.134
366.880
371.733
369.520
362.170
372.943
371.489
366.757
362.731
368.730
359.493
371.960
373.254
358.716
375.699
371.375
368.132
376.946
372.531
372.206
557.130
374.306
376.077
375.727
372.839
373.686
372.414
375.083
368.454
370.728
394.875
366.856
372.520
369.475
364.455
370.998
360.142
372.227
380.554
369.614
370.390
374.908
359.606
373.774
365.212
373.899
368.645
370.439
373.263
366.668
379.469
368.399
368.545
369.630
404.110
365.268
373.364
366.581
371.339
367.743
374.901
367.581
370.953
372.039
373.300
374.892
392.797
371.122
373.614
374.806
369.816
367.445
373.670
365.449
368.307
386.726
365.096
366.698
375.511
374.414
371.949
366.920
370.368
372.333
364.801
371.323
366.032
374.941
371.936
367.025
371.961
395.740
374.447
374.496
371.115
369.278
371.751
364.023
368.043
369.598
374.223
373.396
372.540
371.023
365.083
367.337
370.144
374.892
368.154
384.895
375.279
373.684
373.985
369.143
365.016
369.820
376.597
370.849
373.558
367.896
370.851
374.275
374.769
421.587
370.439
370.520
369.990
374.441
374.002
368.309
365.970
372.213
370.440
361.161
363.732
374.050
373.492
375.372
369.197
373.280
375.326
365.807
374.573
375.328
365.884
375.937
374.650
370.835
367.519
373.517
374.748
374.157
372.137
416.113
374.869
372.848
368.540
369.336
370.910
372.149
361.463
376.802
369.665
368.512
372.866
372.265
371.059
372.930
366.996
375.391
370.014
368.034
368.205
366.050
371.982
368.759
368.907
373.715
366.743
376.060
371.069
373.797
373.949
374.799
373.825
369.754
375.646
370.213
374.354
373.753
372.012
374.280
368.235
373.747
375.830
365.566
374.052
369.415
368.256
375.637
373.564
371.417
370.833
371.102
373.596
366.300
371.166
371.250
368.361
362.237
371.210
374.900
374.721
368.854
360.926
364.157
364.074
368.557
372.615
369.596
365.060
374.173
363.702
371.667
371.705
375.536
369.763
366.613
369.159
374.000
372.967
375.672
372.457
368.395
370.495
372.570
405.306
388.351
361.991
371.526
369.060
367.267
372.761

Results for GA: 
Correctly classified 19240.0 instances.
Incorrectly classified 760.0 instances.
Percent correctly classified: 96.200%
Training time: 3569.933 seconds
Testing time: 0.112 seconds

inputLayer=16, hiddenLayer=16, outputLayer=1, trainingIterations=500, population=200, toMate=100, toMutate=200
