
Error results for GA (toMutate: 175)
---------------------------
2533.977
3235.953
500.478
380.744
1079.014
4583.698
523.676
1232.757
491.402
489.198
459.549
421.949
448.127
372.137
605.538
373.323
637.496
369.158
395.498
451.049
361.774
457.787
427.392
369.494
449.536
379.675
421.216
371.592
366.778
389.915
451.988
362.421
363.865
366.582
370.464
370.361
363.905
415.047
370.573
423.643
454.112
369.948
366.707
377.477
372.582
369.695
365.840
365.711
362.335
370.177
363.990
370.073
365.808
367.984
365.393
497.349
412.793
373.072
372.635
362.927
365.085
372.107
381.230
370.827
369.209
459.453
370.698
368.406
370.818
370.567
368.743
379.724
366.836
371.216
371.415
392.399
369.288
372.111
373.084
371.254
370.368
370.866
367.818
368.997
367.418
369.940
370.307
439.506
368.945
372.198
371.074
370.324
367.383
368.836
373.644
372.986
363.635
369.273
371.902
373.731
360.525
409.265
373.561
367.892
418.471
369.252
371.999
370.480
370.471
374.080
364.612
369.047
371.225
395.319
372.739
366.696
370.588
374.152
369.571
373.725
378.366
367.530
364.073
366.401
370.760
373.822
373.589
373.380
371.462
373.291
374.080
367.773
371.426
368.116
368.747
372.405
372.140
367.575
366.804
373.336
374.707
363.877
368.814
374.714
369.418
376.751
373.870
375.631
374.012
374.215
370.606
370.427
391.453
371.581
372.872
362.197
368.030
371.897
370.922
372.304
429.479
375.323
373.085
374.222
371.174
372.507
372.405
375.111
367.702
372.068
371.517
369.065
362.831
372.193
370.090
372.200
366.047
375.524
367.349
374.365
360.505
370.265
371.450
373.199
373.455
373.649
373.411
365.211
367.385
372.475
355.298
370.843
374.158
370.181
373.751
373.112
359.785
367.449
366.251
370.707
367.567
374.782
371.226
369.343
370.048
369.064
367.575
370.882
368.346
372.559
373.087
371.211
363.548
372.965
363.120
365.774
367.350
363.264
366.948
369.870
358.990
370.340
368.385
368.162
369.430
370.414
361.697
368.677
362.623
369.418
371.826
366.302
368.448
372.469
359.912
359.051
359.051
364.854
363.613
375.502
369.135
368.465
364.593
372.834
369.684
368.451
371.727
360.052
367.194
375.547
366.110
362.059
363.891
369.554
365.951
368.545
367.184
370.936
385.299
363.619
365.916
363.773
369.865
369.251
367.945
366.239
370.577
365.156
368.864
367.943
370.167
400.312
365.658
364.568
370.685
368.416
366.740
371.586
369.205
366.616
368.296
371.851
372.230
372.076
373.134
372.790
369.432
358.331
362.665
362.991
363.292
369.112
366.111
359.740
358.915
369.417
371.674
373.433
368.586
360.131
366.316
355.698
382.298
367.867
388.614
357.752
363.049
377.302
368.642
365.581
368.382
360.414
364.852
363.276
364.465
440.571
367.010
365.617
369.025
377.237
385.179
362.210
373.874
372.095
361.328
357.439
367.534
370.574
377.581
360.868
371.659
368.178
432.077
364.173
363.857
359.841
371.793
360.650
370.934
369.658
366.349
359.267
367.270
362.422
369.654
366.660
368.934
365.602
360.791
371.131
369.229
423.146
362.047
367.234
371.199
370.621
365.378
368.956
366.110
370.832
365.837
363.599
361.408
366.919
363.428
370.685
365.472
367.950
364.941
367.946
367.941
368.617
365.502
397.193
373.075
371.540
370.811
360.048
355.728
364.193
367.636
385.538
370.132
370.132
363.014
369.168
368.666
368.837
360.535
371.180
364.059
363.249
367.431
367.478
362.165
370.691
361.658
355.978
358.683
363.224
357.458
367.956
367.973
359.577
372.991
365.510
365.549
367.387
374.750
370.342
370.949
361.146
366.991
374.532
368.607
389.352
370.151
374.631
365.774
362.033
371.674
369.235
360.163
364.971
397.448
372.325
369.478
363.925
370.333
366.254
382.758
369.963
370.239
369.207
369.955
371.065
372.581
361.907
359.481
368.980
368.606
371.779
397.515
371.584
370.357
373.804
349.382
372.370
372.300
373.478
373.478
371.525
364.537
372.490
370.573
372.238
369.047
372.854
364.476
373.204
365.399
365.948
365.454
362.165
364.154
370.422
363.678
369.485
366.386
373.784
374.489
346.520
372.183
410.143
366.080
373.949
363.577
361.167
369.155
370.236
374.764
369.445
369.797
364.439
370.720
359.749
360.158
360.648
372.216
369.817
366.766
370.582
369.980
354.389
371.880
373.586
370.189
371.947
362.886
369.121

Results for GA: 
Correctly classified 19247.0 instances.
Incorrectly classified 753.0 instances.
Percent correctly classified: 96.235%
Training time: 3103.439 seconds
Testing time: 0.102 seconds

inputLayer=16, hiddenLayer=16, outputLayer=1, trainingIterations=500, population=200, toMate=100, toMutate=175
