
Error results for GA (toMutate: 75)
---------------------------
533.724
764.343
999.799
731.305
759.462
1547.209
409.914
1053.731
2834.034
378.195
364.937
862.976
3535.952
948.080
369.114
358.436
401.318
452.983
393.558
603.125
394.139
364.625
539.431
375.470
382.002
389.003
369.733
414.433
369.916
365.507
367.358
367.887
369.841
367.407
395.331
377.775
370.714
368.703
611.670
368.990
373.399
366.329
365.488
439.623
373.257
370.777
368.211
370.503
380.981
368.007
368.310
367.213
387.621
371.976
389.464
371.440
369.197
372.394
372.692
376.082
368.796
367.511
372.409
364.593
366.610
369.933
366.546
371.108
368.066
368.588
385.102
386.872
370.419
434.187
364.789
363.900
371.412
408.477
380.720
374.494
367.898
445.254
387.830
373.783
369.453
366.724
370.934
367.618
367.982
481.643
392.751
370.417
366.183
376.393
376.378
367.564
368.108
372.085
372.153
373.852
372.231
369.255
373.760
367.060
370.912
371.952
370.266
364.019
374.493
371.248
560.888
362.260
370.972
373.108
368.569
368.688
372.191
364.081
389.708
373.654
368.389
370.460
362.653
369.285
371.984
368.599
419.839
374.105
370.039
371.875
369.382
385.437
373.390
374.248
367.686
454.196
406.024
367.285
369.667
372.177
367.505
370.775
365.978
371.022
373.723
366.994
995.508
368.113
373.338
366.217
371.306
364.468
377.433
363.926
356.716
407.936
374.190
383.158
371.438
369.642
370.948
365.665
366.532
374.995
369.442
367.576
374.792
372.490
372.542
386.715
378.921
364.675
364.546
371.751
370.501
370.980
379.024
368.263
362.971
371.765
362.899
366.999
370.383
363.703
367.232
366.151
367.779
372.059
375.202
365.903
386.948
372.588
370.225
370.228
376.162
371.107
371.642
363.238
412.886
372.955
369.846
369.048
373.061
372.849
375.822
370.282
364.807
376.419
360.476
372.306
358.695
376.199
372.078
375.445
367.132
371.369
363.733
370.692
370.692
365.773
366.942
368.083
373.549
360.485
373.144
367.041
367.174
365.683
368.982
357.495
365.537
368.362
369.379
375.777
373.193
372.594
369.789
365.430
443.133
368.804
372.493
368.969
367.306
371.767
366.736
367.745
371.439
365.342
375.583
373.123
369.920
374.076
380.809
373.421
370.660
363.213
358.330
366.377
371.646
373.223
368.663
372.298
373.389
365.956
365.406
370.664
369.764
366.889
356.993
372.854
367.504
367.760
370.925
373.848
366.268
372.889
368.176
364.265
365.159
372.916
360.842
364.518
374.543
368.893
371.199
366.218
377.263
363.741
367.820
363.867
361.786
380.693
360.942
368.141
364.049
378.725
365.866
369.801
371.858
374.218
368.193
563.201
378.673
372.217
367.423
370.100
362.899
370.652
368.670
372.825
371.043
450.474
369.846
383.674
369.602
371.190
372.126
368.778
366.737
371.686
364.469
369.241
369.404
371.877
373.031
359.948
369.943
372.613
373.006
363.929
363.861
370.381
369.910
373.305
361.214
367.196
369.095
367.075
364.831
373.360
369.420
369.436
368.905
376.756
520.940
369.289
369.714
371.522
368.329
366.351
406.617
373.070
373.048
369.512
365.853
372.436
368.848
371.336
364.174
364.531
371.612
366.512
368.891
366.989
362.399
372.095
367.516
386.607
363.987
371.563
364.139
374.067
368.025
374.870
446.533
382.055
364.358
366.211
375.902
394.670
378.814
389.715
384.417
364.499
369.127
371.407
366.907
365.445
367.288
366.511
359.443
362.610
370.502
361.791
356.816
373.534
366.021
368.445
373.236
360.268
369.716
376.296
372.191
373.282
389.345
376.860
372.559
371.522
368.107
360.507
363.044
403.218
353.348
369.172
366.869
375.824
369.866
367.914
366.535
371.933
368.534
368.901
382.212
370.516
370.449
354.811
362.003
369.962
372.059
367.182
360.826
387.385
367.591
372.429
364.558
371.232
541.707
366.707
366.294
363.993
361.485
384.900
356.856
369.113
372.697
360.038
359.941
392.958
370.613
365.817
364.400
366.723
367.029
362.991
383.067
368.824
372.434
375.225
387.495
370.381
373.144
370.709
373.760
372.192
374.089
373.861
374.154
363.718
369.800
390.411
368.852
370.796
367.744
354.503
368.369
371.286
364.072
371.012
363.381
360.507
366.897
367.194
377.429
369.306
370.872
369.827
369.940
366.557
365.897
372.116
365.963
373.611
373.209
372.675
370.427
370.044
369.150
365.294
369.995
395.456

Results for GA: 
Correctly classified 19247.0 instances.
Incorrectly classified 753.0 instances.
Percent correctly classified: 96.235%
Training time: 1785.893 seconds
Testing time: 0.093 seconds

inputLayer=16, hiddenLayer=16, outputLayer=1, trainingIterations=500, population=200, toMate=100, toMutate=75
