
Error results for GA (toMutate: 125)
---------------------------
619.676
797.197
386.353
697.178
430.086
567.542
409.912
635.874
509.469
412.148
421.996
477.086
418.973
381.255
556.583
456.335
472.105
416.412
367.503
455.794
368.366
416.438
365.618
387.029
380.799
510.195
368.948
367.267
365.455
377.496
369.607
367.901
424.450
376.755
384.954
386.229
375.493
378.604
392.079
404.403
403.204
372.049
371.381
366.843
366.291
369.793
382.662
363.103
369.215
371.223
363.501
371.956
374.297
371.132
372.296
369.433
368.182
379.650
380.896
372.949
366.934
365.417
362.086
386.901
366.957
367.720
370.803
412.854
372.807
366.675
367.348
370.105
363.528
364.371
383.123
368.543
364.918
367.998
371.383
368.817
367.150
370.458
428.487
367.092
362.495
365.007
373.075
366.282
362.006
368.331
367.110
382.992
368.840
366.134
368.135
389.854
367.826
373.118
365.899
383.135
363.751
369.284
371.078
371.975
366.584
370.957
364.020
370.033
364.379
366.145
365.243
368.554
372.362
374.657
364.507
367.774
368.508
371.736
368.704
370.429
365.228
366.477
369.593
368.186
370.324
371.162
366.021
365.602
363.298
365.379
370.995
368.699
370.070
370.238
368.925
418.124
372.918
370.397
367.254
370.346
374.119
369.520
368.896
369.728
365.115
364.633
371.324
366.603
370.035
374.151
369.745
368.171
369.027
372.620
366.404
373.113
372.705
373.133
372.659
370.500
387.861
369.341
369.061
372.442
373.068
371.395
379.252
371.430
367.891
371.975
369.628
372.697
524.802
362.791
371.453
380.052
372.377
374.703
365.650
368.292
364.842
379.724
366.045
366.012
374.339
364.138
374.224
366.086
370.671
366.775
373.326
414.494
363.565
372.190
371.115
376.007
371.998
376.273
415.498
369.445
369.445
619.065
365.633
369.071
368.560
394.899
374.456
369.362
376.835
365.599
368.291
370.400
372.011
385.221
368.383
370.700
373.308
369.143
368.395
369.363
372.304
374.922
372.945
371.397
362.874
361.390
375.911
374.029
373.467
500.942
364.313
373.897
373.065
375.345
373.939
374.555
370.953
373.983
371.686
374.865
375.134
373.152
371.088
373.411
370.494
371.213
374.244
367.729
366.062
370.116
370.628
371.151
368.891
374.866
375.346
378.380
380.472
369.114
370.902
373.381
443.812
369.236
370.201
374.393
369.987
373.623
367.041
365.063
386.610
372.986
362.319
368.161
387.913
374.127
363.678
375.881
375.401
373.507
375.273
372.951
531.328
374.825
378.037
374.090
373.060
373.213
375.898
370.152
370.092
367.886
369.312
370.312
369.552
373.807
375.451
370.431
373.026
372.455
367.671
402.440
370.293
368.812
520.423
373.697
373.862
370.352
364.031
369.243
369.429
369.384
369.142
370.610
375.520
372.332
373.793
371.049
374.922
373.963
374.911
374.840
375.353
384.656
371.691
374.891
380.950
371.875
374.564
371.713
374.562
374.033
364.091
377.081
378.823
373.969
374.092
369.547
386.843
362.726
361.541
374.627
375.764
375.268
390.547
373.151
372.304
373.844
374.206
374.759
374.100
374.401
374.464
375.296
373.505
448.337
374.028
371.717
375.799
372.279
374.717
369.729
372.542
372.527
367.334
371.330
363.937
400.135
426.822
378.407
369.264
371.971
372.719
386.601
370.426
370.756
375.498
374.092
375.035
370.718
369.341
369.600
370.907
376.463
373.604
362.729
374.752
372.909
361.982
372.800
364.868
373.197
371.573
369.130
372.220
375.710
366.907
373.124
373.727
375.565
367.968
370.701
375.086
373.198
376.774
373.811
373.145
376.297
372.691
362.597
381.043
373.390
374.937
369.662
373.147
368.161
372.426
365.214
371.226
373.759
375.920
373.909
367.786
401.619
391.132
371.597
404.052
394.583
360.114
369.516
373.883
374.726
374.986
421.043
373.087
365.357
371.846
374.240
376.159
374.292
374.598
369.308
371.779
374.187
366.176
367.746
368.567
377.374
370.661
369.485
373.799
369.039
371.315
375.461
374.089
376.036
375.538
376.375
374.568
371.024
371.608
372.324
374.862
369.990
372.863
373.658
375.248
373.955
375.277
360.490
360.490
365.771
374.834
374.158
375.306
388.727
373.233
372.517
374.644
371.911
371.170
375.086
376.212
371.325
375.208
371.765
376.706
373.510
373.173
371.252
374.058
390.142
374.080
374.838
371.676
375.810
373.777
371.872
373.853
371.429
374.829
374.780

Results for GA: 
Correctly classified 19247.0 instances.
Incorrectly classified 753.0 instances.
Percent correctly classified: 96.235%
Training time: 2211.604 seconds
Testing time: 0.092 seconds

inputLayer=16, hiddenLayer=16, outputLayer=1, trainingIterations=500, population=200, toMate=100, toMutate=125
