
Error results for GA (toMutate: 100)
---------------------------
1438.799
867.981
367.243
1374.024
404.187
514.432
813.248
374.762
1188.545
2870.571
371.851
424.452
1599.483
469.753
603.352
391.122
413.765
1448.810
365.819
645.628
373.566
379.254
961.467
438.932
392.750
366.503
371.652
361.567
382.396
374.944
368.932
409.876
376.391
359.557
369.601
371.871
368.712
369.033
367.669
393.409
426.651
367.332
372.762
375.272
368.377
373.364
552.204
373.267
396.639
363.528
366.327
363.216
363.085
397.264
376.562
369.325
371.818
361.113
452.940
367.043
380.560
374.148
367.983
366.373
365.103
370.939
363.729
367.709
371.963
366.808
366.193
368.059
372.238
371.687
371.032
365.079
368.151
363.687
364.808
372.104
358.163
430.369
368.875
375.642
369.070
400.823
365.900
363.352
373.438
364.144
368.956
379.231
378.884
361.728
402.686
363.290
361.066
373.427
385.697
363.971
367.204
369.441
370.726
541.801
375.359
376.758
546.987
741.928
365.896
360.162
373.977
368.141
367.090
369.496
370.337
366.202
370.473
369.218
367.835
362.773
367.220
385.251
363.978
374.834
362.072
368.287
365.693
366.020
360.459
364.979
364.550
356.273
367.451
374.118
368.236
369.208
372.308
366.064
369.935
364.760
368.714
367.943
366.937
364.423
359.282
405.655
373.181
371.827
477.534
370.981
368.368
365.907
395.913
401.522
377.151
370.781
367.356
364.567
365.522
360.903
374.668
384.766
372.484
372.240
368.121
368.581
369.667
369.994
368.201
367.371
368.093
362.296
367.351
367.228
363.059
367.921
374.207
369.552
359.361
366.014
370.538
1089.749
363.039
364.651
359.838
373.570
367.501
371.923
361.669
373.322
373.904
361.923
371.662
368.619
622.363
371.779
372.877
369.038
369.038
358.844
372.002
366.211
371.537
367.748
366.371
366.123
373.701
370.595
365.936
369.416
365.677
366.983
370.402
368.393
362.898
369.702
366.936
363.070
371.127
367.344
364.754
365.693
372.825
371.491
373.393
363.994
363.239
373.167
364.857
366.489
370.795
368.828
365.732
366.574
365.367
368.527
371.139
368.547
368.479
369.875
372.175
370.704
362.636
371.725
367.805
366.720
373.201
370.593
371.540
362.965
368.668
371.757
386.467
377.423
364.475
365.392
369.049
369.424
363.339
369.721
372.983
369.365
362.701
367.107
365.051
363.891
373.096
367.333
369.010
387.188
366.774
362.795
368.081
365.449
379.458
370.389
366.063
366.783
358.907
364.320
363.154
361.655
365.712
369.612
408.805
366.527
366.540
367.552
366.074
368.188
369.490
361.341
370.758
363.994
364.582
369.710
360.799
365.147
370.061
365.320
366.427
364.346
362.543
368.614
370.205
367.217
367.338
370.741
368.601
367.668
368.712
363.893
365.991
370.033
365.824
360.085
372.719
535.445
366.913
365.874
365.645
365.397
367.527
377.191
370.784
366.521
361.110
368.261
384.381
363.498
364.924
371.181
367.050
368.774
366.752
367.816
363.298
370.541
364.683
363.374
363.372
371.103
365.571
366.134
362.368
371.751
372.255
365.845
367.366
367.414
369.091
370.856
364.354
366.139
363.311
362.249
366.401
363.844
361.872
369.446
369.194
364.817
363.716
364.136
387.036
362.803
367.493
368.659
363.279
380.978
362.513
367.882
365.076
370.640
367.288
362.186
372.258
361.486
367.019
363.675
365.894
364.725
368.438
370.045
362.758
363.944
382.389
371.107
363.240
365.780
363.358
361.547
364.066
370.579
370.506
363.550
371.934
361.783
364.957
371.102
359.427
372.465
372.964
380.092
362.759
367.373
365.325
364.640
371.912
358.131
489.615
365.518
366.779
360.917
363.862
362.110
360.585
363.739
361.002
368.780
361.903
363.183
372.188
369.536
416.205
364.999
362.210
366.984
365.554
367.697
361.675
364.027
376.382
363.120
369.565
360.709
370.333
361.893
365.321
369.535
366.506
365.173
360.078
370.038
375.165
371.468
367.606
363.194
363.862
367.584
369.895
363.237
742.381
363.044
360.205
363.779
369.976
371.760
371.824
372.628
368.539
368.158
362.999
363.872
369.844
365.743
364.265
412.357
383.364
367.706
373.728
366.983
364.861
371.773
362.550
370.518
364.087
359.665
370.405
358.215
413.709
363.154
368.297
380.416
379.813
366.746
367.354
365.295
368.493
359.371
362.509
368.002
366.305
398.768
371.148
369.911
374.558
367.732
361.545
369.482

Results for GA: 
Correctly classified 19247.0 instances.
Incorrectly classified 753.0 instances.
Percent correctly classified: 96.235%
Training time: 1778.031 seconds
Testing time: 0.091 seconds

inputLayer=16, hiddenLayer=16, outputLayer=1, trainingIterations=500, population=200, toMate=100, toMutate=100
