
Error results for GA
---------------------------
3733.235
4490.373
966.441
3325.836
1062.124
594.474
1642.746
388.877
548.194
1546.032
1792.538
3577.549
566.181
365.313
456.719
495.116
407.601
719.798
1047.776
2707.804
2319.566
420.970
881.013
514.158
535.622
743.761
561.512
501.021
402.663
370.510
421.313
406.703
441.315
1263.582
374.064
373.116
386.015
404.184
826.931
373.828
362.151
522.845
366.850
371.302
405.656
372.812
369.202
365.211
402.247
371.369
367.398
370.460
365.783
373.950
368.408
365.290
370.938
369.071
368.655
367.065
377.107
364.505
365.070
606.389
373.499
371.193
363.837
367.632
674.462
373.284
363.136
370.635
373.670
367.874
365.683
364.507
382.066
367.247
372.716
379.595
448.903
368.920
369.422
370.183
374.369
368.659
369.703
372.072
368.312
363.928
358.757
363.875
369.344
403.167
373.207
371.106
368.168
376.841
374.564
373.070
368.602
371.426
361.807
466.532
376.604
379.584
367.595
369.405
366.548
369.268
367.952
370.374
371.226
368.339
364.393
362.571
367.251
369.268
412.158
365.719
357.184
374.736
381.083
364.523
365.756
365.161
370.916
365.834
364.480
369.480
368.912
380.181
370.246
369.635
370.774
370.218
371.577
366.554
367.991
371.495
369.478
448.142
366.716
368.045
366.648
372.683
367.329
367.602
363.768
363.922
371.946
369.466
362.463
370.058
365.690
370.500
368.630
369.451
380.098
371.751
369.965
373.645
362.087
368.127
371.708
371.966
363.062
365.948
370.956
367.140
373.726
369.292
368.832
370.375
366.595
371.949
368.314
372.624
369.289
369.510
369.861
371.147
370.995
370.712
369.781
367.762
369.135
366.740
372.890
373.390
369.500
367.461
369.219
367.100
371.608
372.214
372.576
372.653
363.101
368.707
369.451
368.000
374.587
371.781
368.542
371.850
364.391
369.989
366.869
370.516
373.662
372.419
370.145
370.517
369.134
366.226
369.494
370.278
360.322
367.269
373.717
372.191
367.002
373.048
368.125
370.871
365.088
371.015
369.493
367.480
372.379
371.491
368.894
369.011
370.818
371.918
366.184
371.460
368.909
368.027
370.752
370.183
368.354
370.298
370.562
365.840
368.850
367.915
375.560
368.070
366.135
412.083
369.277
366.828
408.830
367.269
368.005
366.844
371.087
368.420
367.059
375.169
368.119
372.027
367.886
366.766
374.222
375.981
371.982
370.795
366.780
371.824
364.209
375.765
369.566
367.958
367.201
363.943
363.267
365.459
368.873
371.595
369.390
369.277
371.291
367.857
369.143
367.348
372.523
366.475
371.593
390.112
381.859
370.199
367.202
366.749
370.817
366.713
366.521
367.428
371.867
368.934
374.359
369.324
363.816
367.881
372.982
368.489
366.887
369.545
370.225
370.905
371.929
366.275
370.960
369.639
367.730
369.346
370.293
379.444
371.372
368.161
367.511
369.136
368.865
370.604
368.543
370.331
369.585
370.955
389.084
368.316
396.159
366.548
368.559
373.360
362.042
372.463
373.665
370.356
366.333
371.700
371.545
368.226
369.644
371.216
368.817
373.494
377.991
374.062
368.652
379.861
371.558
368.835
371.934
370.228
371.154
371.358
372.221
369.660
371.190
372.389
377.615
370.140
366.463
368.622
369.494
372.204
371.720
372.182
372.443
382.757
367.097
369.308
370.583
369.262
368.628
374.854
370.149
371.748
371.234
368.525
370.816
368.312
372.246
369.114
371.308
367.793
371.881
369.139
368.941
367.388
369.049
372.119
371.617
369.643
377.420
366.932
369.542
370.690
369.487
371.363
371.150
370.024
371.634
372.070
370.116
371.040
369.965
370.136
370.863
365.217
366.811
370.251
368.838
368.391
369.999
369.618
366.022
368.443
368.842
368.298
369.641
370.542
367.978
370.531
367.963
366.981
369.378
369.588
370.328
369.011
370.515
369.904
368.101
370.020
370.871
369.812
366.534
369.491
370.062
371.191
370.176
368.898
365.259
368.720
370.531
369.928
380.854
368.543
365.344
370.510
369.428
371.428
369.174
368.464
371.868
370.473
370.841
368.046
368.247
368.901
369.579
369.493
366.725
367.586
373.273
366.781
365.708
369.539
370.694
369.725
367.728
370.589
365.274
367.433
371.579
368.115
370.052
368.498
370.494
368.257
370.923
372.704
368.983
371.294
369.188
368.573
369.035
372.280
370.747
367.634
369.095
369.027
371.055
368.555
370.541
364.861
368.756
371.332

Results for GA: 
Correctly classified 19247.0 instances.
Incorrectly classified 753.0 instances.
Percent correctly classified: 96.235%
Training time: 1843.210 seconds
Testing time: 0.093 seconds

inputLayer=16, hiddenLayer=16, outputLayer=1, trainingIterations=500, population=200, toMate=100, toMutate=10
