
Error results for GA (toMutate: 50)
---------------------------
2075.835
426.422
562.384
3038.996
506.491
997.132
847.004
2442.552
419.819
1064.764
907.245
1228.560
787.806
546.990
749.203
562.508
386.830
401.398
1056.921
735.591
390.630
420.916
372.859
665.540
385.974
367.928
385.193
366.236
364.952
370.918
370.086
653.185
391.775
400.443
376.210
424.266
384.167
1660.679
404.823
373.790
369.043
376.619
368.881
378.079
368.816
379.891
361.750
565.567
395.492
370.832
378.535
369.319
370.153
368.440
702.312
367.597
372.202
370.160
376.180
370.825
374.352
368.646
365.348
373.042
755.276
372.902
367.075
372.538
369.639
385.479
377.226
363.276
374.286
371.476
367.307
384.886
366.782
367.792
370.987
453.438
370.939
367.780
368.693
364.754
370.904
370.730
369.111
367.938
365.158
371.269
371.413
370.669
373.313
371.103
372.890
365.301
373.694
364.278
365.650
374.441
370.591
376.667
372.634
361.001
366.198
369.694
372.481
368.453
380.227
359.236
372.905
366.863
364.635
371.805
373.355
371.945
371.802
368.268
363.306
369.293
382.142
371.388
370.042
366.512
371.400
368.634
380.984
394.108
371.011
372.383
371.246
366.775
369.215
372.478
374.429
363.261
371.075
367.854
371.944
361.707
369.251
366.962
370.821
380.589
371.358
368.570
371.490
368.010
374.102
362.422
371.350
368.651
363.440
370.006
369.426
363.688
366.688
370.776
365.753
371.799
369.215
363.834
369.133
371.748
365.950
366.300
364.905
371.845
372.604
377.205
368.294
368.369
365.684
529.944
360.415
367.265
363.739
377.189
367.346
369.702
373.327
376.164
363.687
363.255
365.086
363.726
368.998
369.046
372.521
372.697
363.537
365.905
397.087
365.822
365.905
368.117
372.425
359.988
354.353
366.733
429.124
369.105
367.172
388.523
361.756
370.911
368.917
378.226
367.006
371.730
366.040
366.390
361.435
364.981
368.848
365.451
357.046
364.844
365.943
368.600
368.747
368.996
363.194
369.461
368.720
370.045
468.575
367.725
366.413
367.716
365.203
366.653
372.295
362.983
368.922
367.921
371.395
431.851
367.366
367.799
368.255
394.052
373.020
366.526
383.978
366.063
356.581
369.758
364.524
370.308
367.781
363.636
364.877
353.316
369.334
379.782
369.591
364.627
395.026
363.658
360.658
381.113
371.565
366.112
361.509
368.984
367.144
416.827
363.104
364.309
370.073
371.880
368.874
365.970
366.950
372.151
370.739
373.272
364.777
361.239
376.847
361.194
365.075
365.866
370.966
361.443
367.259
366.122
366.628
369.511
373.672
364.798
366.626
371.032
366.705
365.027
364.508
367.376
373.568
364.303
373.587
370.624
369.238
361.172
367.888
367.962
368.122
365.330
369.667
363.244
363.585
385.470
366.126
362.877
369.937
373.989
371.083
366.352
365.871
368.383
364.473
364.132
364.695
364.111
391.937
360.844
360.663
365.012
369.151
372.850
364.402
369.258
369.050
386.693
362.636
365.629
361.768
364.334
369.548
367.719
366.920
358.983
369.253
366.211
367.441
371.950
370.941
356.925
372.903
367.439
365.297
370.955
366.425
367.550
368.922
367.939
360.073
368.845
367.234
362.905
357.599
369.466
364.268
372.171
362.865
375.582
364.327
366.575
364.346
369.327
363.882
365.593
363.119
368.354
369.841
363.524
378.594
369.219
365.083
370.740
357.988
367.998
362.755
372.109
363.176
365.830
372.463
363.375
367.821
365.143
366.912
360.718
358.599
363.766
358.613
410.586
368.734
357.600
363.846
361.715
346.764
364.975
363.789
438.824
395.113
354.606
369.045
368.912
363.342
364.085
352.617
362.908
363.872
366.753
360.101
355.352
363.028
360.366
366.297
370.269
363.770
364.030
361.830
367.031
355.608
368.189
358.762
372.846
371.195
370.272
375.729
370.745
353.830
365.821
368.305
364.417
358.670
368.345
374.483
363.236
366.421
393.986
365.790
367.764
366.091
360.922
368.622
366.583
363.384
366.490
359.835
362.030
370.441
381.293
367.252
369.684
367.140
371.464
371.088
361.825
392.927
364.218
370.107
358.895
360.736
365.345
367.212
363.391
367.639
356.251
365.189
363.773
366.447
360.643
365.097
370.334
357.039
364.010
357.659
357.299
352.223
359.029
360.350
362.902
364.127
357.574
360.672
360.451
353.016
354.296
358.807
361.724
361.710
360.621
366.960
358.767
361.874
368.890
355.635
359.380

Results for GA: 
Correctly classified 19247.0 instances.
Incorrectly classified 753.0 instances.
Percent correctly classified: 96.235%
Training time: 1787.823 seconds
Testing time: 0.092 seconds

inputLayer=16, hiddenLayer=16, outputLayer=1, trainingIterations=500, population=200, toMate=100, toMutate=50
