
Error results for GA (toMutate: 25)
---------------------------
4561.605
808.342
666.421
3767.850
413.339
505.733
666.030
612.326
1849.100
1909.933
407.368
477.991
1088.841
368.913
392.947
389.004
366.545
1384.808
404.018
368.476
574.223
412.238
427.322
550.834
465.868
910.721
443.062
475.106
481.415
750.357
1297.790
371.423
370.283
364.574
370.888
373.145
449.285
493.955
381.040
690.357
370.741
362.534
754.113
411.134
426.098
370.711
364.678
379.147
371.367
371.616
417.415
368.918
371.021
367.341
358.623
369.437
368.413
368.759
368.085
381.448
366.032
369.491
363.274
365.712
373.371
418.352
366.998
392.377
411.846
370.229
367.557
399.523
373.961
388.597
368.667
366.843
368.485
387.059
369.692
374.974
367.001
367.063
369.230
366.379
374.601
368.012
363.400
381.867
370.122
373.034
366.362
368.728
367.266
368.603
369.404
373.417
370.249
373.872
374.314
369.496
368.605
368.074
366.046
370.187
369.930
372.420
373.857
372.768
371.406
369.760
369.903
365.170
369.956
358.897
359.072
371.990
369.473
369.905
365.495
371.200
368.995
364.522
368.980
368.189
371.270
373.357
371.080
367.605
366.060
366.181
367.355
361.224
365.742
370.912
372.426
371.457
373.739
366.675
368.991
369.899
372.230
367.633
372.306
362.662
368.104
367.857
375.207
365.380
372.109
392.095
369.123
372.017
365.761
368.923
366.854
371.789
372.140
368.076
368.538
364.249
371.088
372.491
366.328
368.958
368.884
371.491
366.499
365.575
366.568
369.976
370.989
372.589
414.756
367.119
368.910
375.316
363.452
369.451
368.559
372.248
365.621
367.213
372.351
375.479
369.880
367.105
367.779
367.021
370.616
367.389
371.604
361.100
369.263
366.586
368.938
368.663
369.097
362.637
364.962
372.551
372.901
363.434
371.706
373.102
366.340
371.489
362.503
372.962
370.103
362.922
374.508
370.013
365.586
369.193
372.760
369.635
369.958
368.016
371.532
372.408
364.020
372.635
370.855
372.073
367.781
366.882
371.540
368.581
362.192
366.683
369.429
367.930
371.406
367.984
368.803
373.528
370.502
370.337
371.348
369.773
373.774
373.162
370.657
370.069
374.676
368.518
369.226
371.002
365.780
370.968
361.691
364.449
373.276
360.033
370.602
368.719
367.820
369.116
363.330
364.111
362.141
368.659
358.586
362.630
382.237
369.153
365.980
367.397
367.579
368.267
368.239
366.987
365.445
368.073
365.928
358.082
364.373
372.845
368.336
364.024
359.111
370.597
373.162
372.091
360.453
371.955
363.606
369.335
361.041
365.308
377.363
372.566
367.918
371.131
367.464
369.169
371.153
362.386
363.145
358.875
368.378
372.014
371.376
368.380
363.728
370.579
365.935
365.930
355.566
361.860
373.542
372.638
371.650
368.259
368.963
372.025
369.733
366.733
360.551
368.352
364.845
369.096
367.315
367.405
367.924
362.814
368.331
371.318
367.538
365.671
371.636
370.534
374.827
360.883
368.852
365.656
367.387
360.782
363.365
359.964
366.018
367.681
366.351
372.304
357.367
369.356
372.311
397.847
367.896
358.844
369.729
362.584
366.471
359.500
363.542
364.128
365.723
372.238
367.266
364.277
365.071
360.619
358.695
369.841
362.876
362.605
355.982
368.841
358.462
368.497
357.392
367.723
368.105
364.259
358.658
368.070
365.208
364.718
366.952
364.780
356.527
359.681
362.954
360.618
380.397
369.141
365.489
360.613
360.204
366.901
363.677
364.527
375.894
360.170
364.685
357.478
361.603
350.773
361.978
363.504
377.071
358.974
365.644
368.720
354.975
365.061
365.210
367.272
363.640
369.469
363.457
362.504
359.985
365.664
361.996
360.418
367.311
357.799
362.889
366.934
371.438
369.365
365.550
364.372
361.416
361.216
360.832
360.706
362.933
362.387
368.452
365.034
364.826
361.830
363.917
386.950
362.469
368.021
358.551
363.686
364.695
361.870
367.714
376.489
365.650
370.682
387.048
362.818
368.936
361.405
368.789
391.409
363.826
367.685
362.473
361.146
362.330
387.667
370.540
366.181
359.524
358.530
362.735
362.849
362.462
379.388
368.921
365.917
366.479
361.327
363.922
359.974
358.605
366.785
360.474
363.424
392.563
362.721
361.079
362.277
361.266
367.321
369.658
361.337
359.169
371.030
363.757
364.589
367.888
363.284
360.371
381.578
364.208
367.714
364.630
361.744
371.038
360.850
363.518
365.307

Results for GA: 
Correctly classified 19247.0 instances.
Incorrectly classified 753.0 instances.
Percent correctly classified: 96.235%
Training time: 1803.251 seconds
Testing time: 0.092 seconds

inputLayer=16, hiddenLayer=16, outputLayer=1, trainingIterations=500, population=200, toMate=100, toMutate=25
