
Error results for GA(toMate: 25)
---------------------------
1265.013
795.861
410.501
1618.288
479.078
3331.022
1864.912
377.410
2495.939
1936.296
611.128
409.699
793.100
1302.402
675.829
727.929
1722.995
1466.588
416.270
400.652
368.383
394.101
459.273
507.194
646.642
374.718
381.738
376.767
366.981
373.865
499.057
387.459
365.313
529.493
373.736
376.207
365.625
443.048
387.080
415.292
396.927
379.840
378.406
425.863
370.807
409.142
385.662
380.435
387.886
373.148
366.068
368.601
376.460
416.704
368.332
381.576
372.020
368.282
367.590
372.809
387.275
420.501
367.468
369.965
376.110
380.111
363.431
366.386
376.362
370.917
368.867
431.888
363.993
381.154
366.479
422.612
392.476
367.555
363.383
382.447
364.364
366.094
374.329
381.676
371.443
363.026
366.279
365.814
376.095
381.701
368.053
365.196
368.420
362.798
363.116
382.692
365.143
363.060
391.987
364.634
367.339
361.488
367.248
362.961
362.137
361.194
365.476
364.876
364.569
375.069
374.027
366.772
363.992
430.926
364.985
362.915
361.515
368.584
365.841
365.277
377.274
366.901
371.513
367.637
365.579
363.067
364.699
362.270
361.554
360.166
362.342
360.612
390.637
366.882
369.216
361.945
365.553
367.399
367.927
361.254
362.886
366.180
363.037
360.922
365.692
366.051
366.419
359.785
365.834
362.966
365.223
367.562
368.359
359.490
365.320
371.867
366.336
373.671
362.665
365.409
361.626
363.600
376.529
365.824
365.398
359.571
365.172
369.823
361.548
361.032
363.098
367.025
364.491
369.512
363.837
366.875
365.884
367.389
368.242
356.965
361.836
369.740
356.181
363.681
365.963
362.111
363.596
364.238
367.396
363.037
364.451
367.634
366.444
386.299
364.690
366.622
362.960
364.864
364.685
361.920
363.139
362.456
365.369
362.592
362.882
361.025
362.628
362.587
361.778
361.306
368.126
361.790
362.614
366.242
362.224
366.094
366.598
360.196
357.405
365.812
362.483
360.722
367.070
365.444
360.836
356.414
365.708
362.690
381.859
361.088
360.696
372.848
361.659
364.781
367.103
365.647
364.138
365.710
366.393
365.931
367.807
363.965
370.196
364.901
365.348
364.044
369.323
365.354
367.081
363.810
366.960
365.074
363.351
364.736
366.421
365.357
364.149
363.814
365.976
365.128
362.049
365.264
372.206
368.701
363.242
368.311
365.651
371.102
366.210
362.445
369.586
369.033
366.578
362.699
366.024
368.055
365.622
372.273
367.291
368.868
367.512
384.121
363.898
364.779
359.313
369.868
365.862
366.041
364.898
366.846
369.242
366.035
363.698
367.037
365.218
361.418
377.294
368.328
375.006
370.194
365.630
402.630
368.647
369.786
368.011
371.435
365.655
367.193
366.766
361.958
367.379
366.979
366.992
369.345
364.992
369.433
369.141
364.696
364.715
367.304
362.616
364.767
361.238
367.723
367.598
364.209
377.133
365.126
489.381
369.149
360.896
367.124
363.629
366.206
362.343
362.512
366.246
365.839
364.260
369.087
368.041
364.683
370.197
365.133
364.667
368.403
371.353
362.654
377.956
368.400
384.364
365.762
365.008
364.068
366.975
362.840
365.018
361.098
366.558
364.910
365.913
362.906
366.724
368.147
365.765
373.935
364.461
420.765
363.304
370.924
382.180
374.839
359.324
376.007
366.602
365.926
365.567
369.084
366.202
366.006
361.420
365.180
369.448
365.537
368.628
362.287
374.188
370.455
366.162
368.574
368.367
365.226
382.737
363.741
370.719
368.662
365.001
367.333
362.463
371.308
361.712
368.353
366.661
366.123
367.892
363.195
365.118
365.213
370.516
368.596
364.699
363.802
374.929
368.456
363.605
366.703
363.954
362.080
364.501
365.952
386.298
363.889
367.244
363.135
365.258
365.591
362.383
364.923
363.479
367.423
368.739
370.243
367.702
368.071
362.115
368.704
367.335
358.600
364.357
363.493
362.277
363.584
368.626
368.436
365.320
365.650
361.028
360.666
370.622
364.323
371.846
371.260
362.334
359.788
365.447
367.918
365.864
366.264
366.130
359.386
362.926
370.126
366.221
362.353
361.761
369.760
363.045
356.534
362.846
368.776
363.291
369.744
365.583
365.215
361.811
367.365
362.803
361.050
358.529
363.142
367.486
368.701
370.694
364.861
366.314
369.132
369.356
365.512
363.560
363.419
368.094
361.468
365.438
368.995
362.016
367.489
363.107
365.268
360.576
368.021

Results for GA: 
Correctly classified 19247.0 instances.
Incorrectly classified 753.0 instances.
Percent correctly classified: 96.235%
Training time: 464.369 seconds
Testing time: 0.112 seconds

inputLayer=16, hiddenLayer=16, outputLayer=1, trainingIterations=500, population=200, toMate=25, toMutate=10
