
Error results for GA(toMate: 150)
---------------------------
3743.272
3449.428
847.251
1178.078
742.719
951.622
537.205
416.722
2272.960
538.710
1417.500
491.872
386.515
518.390
657.540
1497.920
962.148
388.154
397.431
371.409
387.147
412.493
766.013
421.127
390.574
363.527
366.706
364.618
389.263
408.973
365.516
413.839
553.781
583.648
453.034
417.826
391.410
367.988
370.676
401.529
367.617
459.069
371.203
383.766
489.921
371.274
368.677
371.702
368.772
372.090
371.049
378.646
389.791
368.183
455.854
382.880
371.894
463.312
363.132
363.197
370.359
371.946
375.594
370.899
367.800
368.794
372.126
375.482
373.778
368.099
371.894
363.312
368.686
364.821
365.637
364.909
368.415
359.700
371.325
373.202
366.378
363.361
366.709
366.825
371.270
372.780
363.394
367.915
372.052
361.347
365.995
371.515
369.248
369.609
408.732
361.572
367.463
359.727
365.859
364.479
358.299
372.621
368.349
363.380
366.090
370.939
369.293
367.743
368.734
371.208
364.888
370.397
369.416
364.327
364.542
364.831
363.233
370.575
390.899
364.720
368.640
366.786
365.565
369.981
366.045
366.237
370.815
370.983
367.455
369.941
368.267
372.699
365.406
363.238
365.779
365.973
369.346
363.043
370.132
383.656
372.771
370.494
364.977
372.271
367.603
368.662
372.743
377.142
363.394
361.969
367.212
362.177
364.304
366.931
367.649
366.761
372.171
365.639
369.895
373.137
365.967
367.891
367.788
369.293
368.703
369.354
369.284
367.002
372.952
365.640
363.726
368.240
366.000
366.307
372.866
363.895
372.185
369.564
362.901
368.958
362.651
367.848
367.018
367.065
367.908
359.707
365.996
371.438
369.354
371.513
393.482
369.255
368.884
369.996
370.479
367.052
370.200
367.455
368.094
362.788
372.170
368.197
372.251
378.766
370.370
370.319
368.593
367.983
369.666
365.492
371.192
372.531
370.798
370.838
366.278
367.592
364.605
375.454
367.327
368.894
366.115
368.873
368.986
371.957
369.332
369.615
368.446
371.804
370.941
371.627
367.063
368.189
373.281
370.886
364.672
374.071
370.626
377.304
363.524
366.698
365.577
369.085
366.232
367.131
367.367
367.717
366.396
369.187
367.566
368.117
368.618
366.779
368.168
369.176
367.715
365.843
363.171
366.501
369.107
366.574
365.849
367.810
368.233
368.775
366.393
366.177
366.533
365.017
364.473
371.471
367.106
370.422
369.919
365.759
368.647
365.866
367.362
368.507
370.540
368.381
371.254
371.182
365.415
369.166
366.323
365.668
373.408
365.091
366.172
369.189
369.684
368.293
366.228
364.031
368.629
363.706
369.162
368.058
367.940
368.318
368.780
368.445
368.650
368.133
364.020
369.139
365.949
368.284
366.605
368.656
372.040
368.888
369.543
366.757
368.071
367.084
368.370
370.592
358.596
367.201
366.293
368.516
364.346
366.811
367.550
365.561
366.445
364.725
369.588
368.821
368.064
369.636
366.505
369.078
366.535
367.805
368.651
367.476
366.516
367.118
366.719
370.396
366.106
364.250
369.191
369.540
368.009
368.739
368.873
367.254
369.929
367.141
368.651
368.161
368.988
370.504
365.011
368.316
367.701
368.320
367.735
365.320
368.493
369.157
365.360
369.871
369.547
369.620
365.731
369.281
370.422
366.130
368.146
369.217
369.099
367.358
368.118
366.489
364.608
363.045
368.518
368.616
362.132
369.187
370.420
368.785
367.998
368.363
368.901
369.020
365.705
365.344
369.500
368.328
360.699
368.106
369.791
365.895
369.639
369.322
371.329
369.151
368.930
369.227
366.382
369.134
366.919
363.758
369.171
364.941
368.579
368.717
364.658
368.627
369.257
366.757
369.037
369.229
368.392
368.603
368.410
368.697
368.782
366.616
368.650
369.879
368.755
365.042
369.378
369.684
368.451
369.045
365.702
369.459
367.823
369.309
369.394
369.345
366.484
364.328
368.666
369.235
368.907
369.131
369.438
369.224
368.563
369.316
368.714
369.087
369.113
369.730
364.952
369.148
369.056
375.468
365.236
367.400
369.101
365.720
369.294
369.437
369.219
369.235
370.171
368.006
369.808
367.424
364.932
368.538
368.877
369.328
369.400
368.878
364.696
365.602
369.406
364.103
364.382
369.704
369.614
369.002
369.759
368.425
369.785
368.730
369.186
366.734
369.235
368.792
368.563
368.924
368.622
364.173
368.973
367.134
368.771
365.388
364.631
363.008

Results for GA: 
Correctly classified 19247.0 instances.
Incorrectly classified 753.0 instances.
Percent correctly classified: 96.235%
Training time: 2678.977 seconds
Testing time: 0.091 seconds

inputLayer=16, hiddenLayer=16, outputLayer=1, trainingIterations=500, population=200, toMate=150, toMutate=10
