
Error results for GA(toMate: 100)
---------------------------
1235.929
437.455
426.892
5586.783
1552.009
610.177
2125.256
1401.161
393.555
1040.744
626.838
371.270
445.081
690.683
1317.534
371.446
390.769
453.072
436.288
371.268
422.159
371.828
365.980
416.983
384.481
382.380
456.229
436.850
404.793
413.449
367.384
405.316
401.384
386.011
436.040
380.060
415.623
368.166
376.563
362.717
390.840
370.098
362.620
370.105
367.610
370.052
365.541
380.819
387.281
370.416
370.842
421.805
368.784
371.575
365.482
375.088
373.090
450.556
397.407
378.821
394.065
366.562
370.918
373.567
369.866
365.992
364.729
367.458
377.272
366.288
368.920
419.740
364.159
369.992
366.145
367.581
369.043
371.777
366.665
367.270
374.337
363.735
359.880
371.302
361.881
366.434
366.216
370.972
366.830
366.485
400.063
370.097
362.512
366.648
374.573
365.246
368.159
357.534
374.343
362.477
368.624
371.169
370.945
369.996
366.381
367.735
376.690
364.853
369.920
370.819
370.897
367.116
360.525
369.439
368.664
366.525
369.704
367.615
378.486
372.418
364.067
367.881
370.309
361.829
365.426
369.996
367.162
368.079
370.672
362.919
370.949
362.688
360.937
385.252
367.977
368.165
370.868
373.121
366.522
369.182
366.670
367.115
363.931
371.065
362.676
370.737
367.441
364.132
360.958
366.213
379.221
383.963
367.274
363.654
367.636
370.800
368.520
362.606
366.921
368.856
371.426
360.296
370.676
367.631
370.343
361.323
368.590
365.406
366.881
367.903
368.057
366.369
358.243
399.034
372.065
362.786
371.789
369.598
367.946
366.504
362.786
369.639
371.262
364.277
364.119
365.119
367.160
364.407
372.478
359.080
371.210
365.889
364.974
368.773
361.468
367.466
365.808
363.904
367.122
358.252
368.482
365.844
370.123
369.870
367.966
368.481
366.938
367.517
370.485
370.287
369.960
368.711
365.155
367.015
369.073
369.392
370.001
364.025
366.356
370.897
368.372
367.102
371.269
366.106
394.932
365.040
362.982
363.328
367.523
371.709
364.425
369.261
365.484
369.068
360.366
369.505
365.472
371.444
372.001
365.919
365.001
370.689
365.082
373.930
367.810
368.486
365.167
370.442
364.412
368.972
387.314
371.378
366.694
369.385
365.918
368.445
369.464
363.977
368.663
361.480
370.754
362.431
367.787
368.782
372.989
369.342
370.228
370.341
369.162
369.892
362.056
366.052
364.595
369.650
367.285
374.495
367.405
369.573
371.624
370.385
371.162
373.285
369.524
367.977
373.861
371.673
368.018
367.342
371.851
367.988
369.675
370.929
371.330
371.584
365.833
370.221
358.800
375.885
368.332
368.776
368.366
370.551
367.203
368.005
369.110
366.147
370.556
366.957
369.425
361.473
367.146
370.970
369.706
370.211
365.307
365.532
380.835
370.378
369.537
368.046
358.615
365.835
370.817
368.434
370.155
365.318
369.353
366.588
366.935
370.980
370.411
370.610
366.424
370.255
366.553
370.631
359.588
365.358
363.093
367.111
369.090
370.795
365.234
370.390
365.334
367.301
369.672
367.299
360.586
367.416
361.428
366.009
365.629
362.985
366.265
363.259
370.119
364.807
365.534
367.353
364.801
368.032
369.287
368.508
365.800
362.380
381.455
363.435
364.052
372.673
369.648
367.207
365.905
363.941
367.185
366.756
366.409
355.665
367.077
365.157
359.724
359.935
365.585
360.214
366.575
364.499
362.625
370.519
365.158
367.378
363.670
369.625
363.437
362.299
364.725
365.713
368.940
368.356
363.341
368.751
361.467
365.259
361.511
368.770
361.892
361.610
365.157
359.802
355.463
362.568
367.602
360.413
366.773
363.139
360.880
368.584
369.971
350.816
364.841
359.487
363.115
357.057
367.048
363.382
365.338
357.897
372.659
363.903
356.005
366.806
368.312
361.347
364.528
368.532
369.643
365.888
361.667
365.157
362.703
356.994
366.426
363.289
364.105
359.752
365.478
359.913
359.428
361.781
366.171
363.650
364.858
359.448
368.222
365.429
366.964
360.121
365.694
366.339
365.064
368.293
368.619
364.321
371.710
365.683
364.566
375.271
364.588
363.987
361.854
356.438
360.452
360.284
363.691
370.910
361.121
362.485
361.114
356.724
359.201
365.248
367.127
357.622
362.847
362.932
362.244
362.093
358.244
364.800
361.769
361.291
360.868
360.002
364.243
365.564
364.933
361.362
364.292
362.595
363.920
368.968

Results for GA: 
Correctly classified 19247.0 instances.
Incorrectly classified 753.0 instances.
Percent correctly classified: 96.235%
Training time: 1789.649 seconds
Testing time: 0.090 seconds

inputLayer=16, hiddenLayer=16, outputLayer=1, trainingIterations=500, population=200, toMate=100, toMutate=10
