
Error results for GA(toMate: 50)
---------------------------
665.104
915.111
1094.159
841.660
367.171
2287.396
786.228
641.058
385.773
386.907
671.195
371.511
972.420
692.253
562.354
387.127
476.490
379.397
387.145
385.959
497.229
381.086
372.698
373.484
374.520
380.563
371.330
373.210
380.638
378.701
378.053
377.482
378.205
375.278
371.628
369.734
375.791
397.911
372.465
371.662
379.140
370.197
371.509
376.807
391.260
374.661
372.200
377.082
377.350
369.104
403.287
372.115
382.342
370.552
365.328
372.582
370.419
373.231
374.788
369.997
373.027
370.776
369.732
368.362
371.329
371.033
369.782
370.055
383.073
369.321
372.382
371.454
373.550
373.591
369.614
369.944
385.115
373.630
384.666
376.125
372.078
368.942
378.941
379.640
368.991
375.776
367.095
366.402
375.319
375.332
369.619
377.109
370.227
381.217
370.502
386.325
369.694
371.666
369.562
367.347
370.011
369.989
378.351
374.099
369.312
370.373
369.314
388.056
369.104
370.085
366.418
370.076
395.584
371.487
370.436
372.132
369.967
364.422
372.768
369.700
373.370
402.608
380.776
370.083
369.857
374.564
369.396
370.810
367.578
371.464
370.864
377.715
394.067
382.210
370.549
383.961
369.428
371.350
371.261
382.435
369.601
368.015
393.362
372.345
371.719
368.369
371.377
370.881
369.679
391.558
369.597
374.952
372.658
368.699
369.270
369.975
368.847
375.556
369.208
370.483
367.835
373.490
366.149
368.771
376.130
373.063
367.741
369.094
371.060
377.797
370.203
375.803
367.491
374.952
372.493
369.027
373.077
370.758
382.355
370.366
377.652
373.001
383.013
368.045
374.746
369.742
368.979
370.807
374.022
370.801
369.083
366.452
366.723
376.543
369.280
381.797
365.822
369.310
369.120
376.947
366.494
363.596
371.781
369.103
375.425
370.290
373.133
372.169
366.196
372.379
370.863
371.517
377.148
370.639
374.616
379.679
369.742
373.356
369.499
370.980
371.494
383.800
371.409
371.095
373.071
365.556
372.877
369.414
377.798
367.277
370.143
369.709
367.811
378.621
370.956
367.488
363.094
368.959
366.132
366.619
370.163
366.704
368.988
375.623
368.764
366.217
366.462
369.458
362.075
370.017
370.037
371.500
367.677
369.330
368.896
367.439
369.203
371.376
366.422
368.023
369.267
368.672
368.230
365.952
365.027
368.506
370.455
369.767
366.865
369.790
369.013
369.304
367.305
363.841
367.247
369.193
369.172
368.692
366.882
369.128
370.265
370.750
368.677
369.012
367.934
369.331
369.576
366.393
369.802
366.908
370.159
374.299
366.622
365.220
367.359
369.842
367.039
369.887
370.566
370.326
366.525
371.216
369.947
371.000
370.402
369.416
372.533
372.431
373.301
369.791
366.976
369.031
371.157
364.988
370.013
372.781
371.131
364.741
367.137
373.045
367.090
371.433
371.637
372.980
367.314
374.016
369.084
367.803
372.096
369.304
371.577
370.301
368.382
370.938
368.543
368.421
364.783
371.232
362.943
362.931
366.214
371.710
369.969
369.702
372.324
365.208
366.456
365.833
372.214
369.079
367.314
369.131
365.558
373.567
367.781
361.934
367.565
369.036
365.030
373.507
367.449
390.061
372.242
368.417
368.871
375.538
366.183
376.604
362.209
367.829
366.872
366.877
369.095
369.951
366.631
380.718
368.594
368.892
365.033
365.950
367.574
364.554
367.919
370.898
366.540
365.720
364.225
364.790
365.972
365.179
362.736
368.881
370.676
366.135
366.532
366.827
365.225
360.126
373.316
367.229
366.402
362.998
358.603
366.475
364.738
365.322
364.215
369.156
371.908
364.892
369.139
368.204
365.536
366.575
372.175
368.272
366.930
368.514
367.073
365.942
365.284
362.407
372.180
360.659
365.816
361.335
371.921
361.464
366.633
362.128
377.746
366.420
361.580
363.435
362.522
374.371
360.315
361.626
360.884
361.046
363.198
361.827
369.666
365.193
372.909
375.421
367.194
367.301
370.286
370.914
367.693
366.981
367.212
362.915
361.802
362.191
373.849
362.926
383.253
367.970
362.711
366.620
366.763
362.147
362.042
360.957
368.541
364.165
365.601
362.303
365.249
372.435
378.175
362.974
367.691
364.527
368.132
367.797
365.286
365.189
363.445
363.069
361.297
364.568
364.436
364.805
377.529
363.299
361.347
371.074
367.445
369.305
361.177
367.543
372.141
365.984
368.062
377.623
368.220
361.450

Results for GA: 
Correctly classified 19247.0 instances.
Incorrectly classified 753.0 instances.
Percent correctly classified: 96.235%
Training time: 901.875 seconds
Testing time: 0.106 seconds

inputLayer=16, hiddenLayer=16, outputLayer=1, trainingIterations=500, population=200, toMate=50, toMutate=10
