
Error results for GA(toMate: 200)
---------------------------
1685.054
4941.114
3143.349
500.587
4777.068
449.316
825.267
2178.801
374.477
1592.349
1287.438
381.345
390.036
563.026
594.063
1476.489
377.054
375.351
388.871
380.864
378.213
461.345
373.905
384.618
396.601
389.738
398.630
371.530
373.618
371.596
371.527
368.349
393.104
365.274
379.543
377.381
374.357
395.588
369.700
364.782
366.563
372.518
376.420
372.994
364.631
374.620
391.714
368.056
365.720
375.885
368.095
368.747
375.155
372.863
372.206
390.401
386.745
373.731
372.468
375.711
372.149
373.000
374.132
366.140
366.470
379.035
367.929
369.683
368.993
364.212
370.510
371.909
370.402
371.217
366.144
368.471
372.649
370.855
370.134
368.926
367.139
365.971
369.701
369.609
385.738
365.256
369.123
368.341
375.251
369.574
366.748
623.691
366.475
367.825
390.569
371.040
372.870
368.403
370.134
478.588
373.759
368.993
366.384
365.043
395.352
363.209
372.614
373.232
365.595
367.014
373.216
372.682
374.248
372.192
371.722
374.635
363.375
370.442
404.862
377.643
454.910
372.805
371.453
373.859
359.016
373.312
363.338
371.719
369.303
370.341
365.911
371.176
374.251
364.627
366.523
372.561
367.547
368.024
372.499
362.325
380.627
364.550
370.234
368.337
368.248
373.952
415.784
368.489
368.831
373.361
368.994
366.899
368.756
373.989
369.075
369.956
373.427
365.108
363.739
367.800
373.653
370.688
371.674
370.055
364.491
363.663
360.866
361.404
368.747
367.609
372.250
371.561
371.604
368.946
370.166
364.261
370.858
372.289
371.695
368.831
368.885
364.410
371.528
371.613
368.701
368.159
366.178
371.251
371.294
364.707
373.283
371.176
372.098
365.236
368.549
363.836
368.875
363.632
366.486
368.509
371.647
367.879
363.619
365.609
365.299
366.684
368.046
367.247
385.767
365.841
364.911
370.497
366.438
370.697
370.428
368.648
363.853
368.444
371.098
366.199
368.453
365.104
371.010
364.212
363.863
361.574
361.206
364.712
367.903
366.272
362.430
369.340
385.010
365.240
362.018
370.539
366.100
366.717
362.964
361.312
360.867
364.130
368.140
368.300
360.870
368.019
364.827
363.905
364.014
366.390
371.561
366.297
365.638
367.329
360.598
370.179
364.316
370.761
363.688
365.049
363.401
367.386
365.624
364.200
363.710
364.822
362.930
368.646
370.535
360.840
369.391
364.250
368.261
364.663
367.919
368.992
366.718
366.297
379.249
363.798
364.149
366.519
370.386
379.171
362.978
367.885
369.772
365.644
362.548
364.187
362.633
367.597
365.772
366.208
367.069
365.031
364.267
365.001
362.743
360.169
367.171
362.948
366.547
366.975
367.298
364.513
369.097
365.998
365.427
362.468
365.014
365.652
366.304
368.104
366.414
364.542
361.710
371.849
363.180
362.380
361.528
366.302
368.425
366.671
366.934
362.215
364.539
366.755
361.949
368.688
371.263
363.393
366.237
369.133
362.783
367.861
366.708
369.484
362.032
366.298
367.006
368.081
372.338
364.976
366.786
364.839
363.368
365.925
366.641
369.165
366.218
368.232
366.724
363.394
362.837
365.414
366.179
365.296
364.916
366.195
366.124
363.056
367.517
366.840
365.289
362.244
367.985
362.727
366.809
366.694
363.631
364.365
367.815
363.605
365.629
367.748
364.474
363.188
371.071
365.218
366.554
367.939
363.161
365.707
365.127
363.519
361.505
364.504
365.457
364.314
369.959
363.858
362.102
364.156
363.009
362.495
363.671
370.674
362.742
365.022
367.037
369.561
362.315
366.395
363.751
368.802
363.919
365.826
363.579
361.999
362.777
364.614
362.434
363.698
364.260
364.781
362.437
363.595
364.861
364.453
364.180
364.141
363.879
365.535
365.541
362.095
364.633
364.088
364.305
363.798
361.585
363.862
362.332
365.040
361.914
366.737
364.713
364.231
361.780
365.778
368.017
363.353
362.855
365.388
362.883
368.051
362.350
363.808
362.548
363.598
362.546
363.006
366.203
363.986
365.427
361.164
362.621
364.122
362.417
363.830
363.682
363.205
360.648
363.390
363.372
362.817
362.574
362.956
368.242
365.557
363.943
362.114
366.882
363.873
362.933
362.047
362.979
363.271
367.106
363.547
364.755
363.779
362.095
365.459
362.055
362.196
364.150
363.663
362.637
362.904
363.114
361.089
362.200
362.518
363.670
364.459
362.673
363.033
363.048
361.979

Results for GA: 
Correctly classified 19247.0 instances.
Incorrectly classified 753.0 instances.
Percent correctly classified: 96.235%
Training time: 3569.224 seconds
Testing time: 0.114 seconds

inputLayer=16, hiddenLayer=16, outputLayer=1, trainingIterations=500, population=200, toMate=200, toMutate=10
