
Error results for GA(toMate: 125)
---------------------------
994.293
5687.678
547.573
4267.822
3814.475
1160.475
453.827
763.405
449.943
376.763
553.346
480.264
762.854
2003.776
2101.459
452.800
495.240
529.807
369.263
549.689
363.763
619.356
499.461
365.381
365.089
369.167
363.879
364.801
363.003
366.775
887.873
367.651
830.157
360.801
357.414
362.996
432.463
364.408
439.419
367.266
375.160
381.536
370.139
366.366
364.388
373.408
369.946
365.633
371.701
379.035
406.681
369.817
365.569
365.564
367.523
368.218
376.306
365.958
364.869
363.755
361.985
366.607
362.969
365.914
364.234
369.599
363.883
364.708
364.394
364.246
366.873
361.199
369.268
365.450
364.789
364.051
361.699
365.752
362.548
370.184
366.201
366.701
366.993
368.368
364.947
365.857
370.199
368.045
370.034
364.788
366.789
367.002
363.888
364.937
361.711
366.884
360.524
367.934
365.888
360.949
363.006
360.874
366.006
366.827
364.765
362.135
368.026
364.735
371.238
364.347
367.321
366.793
363.845
366.883
362.313
367.191
372.643
363.161
368.118
365.379
355.460
366.011
366.093
372.982
370.702
362.858
365.890
369.755
363.031
367.996
367.190
364.922
368.274
367.492
368.144
363.600
370.610
368.301
365.862
375.520
363.537
364.486
364.929
362.814
368.328
366.792
363.244
365.993
363.322
364.859
364.379
368.477
366.481
369.953
369.696
364.157
366.702
363.717
366.678
363.717
362.489
363.891
367.824
364.168
360.196
365.672
369.320
365.204
367.269
362.332
362.361
365.847
365.314
365.352
361.602
366.745
364.083
363.245
366.901
366.569
364.820
364.912
367.966
363.361
367.267
361.874
365.262
365.929
364.823
367.225
362.867
365.498
367.120
366.045
365.807
359.768
366.952
366.928
362.770
365.507
366.583
364.002
364.819
364.139
362.987
364.913
364.612
367.783
364.292
367.304
366.682
366.116
364.646
366.265
365.392
367.570
366.267
364.353
364.308
367.009
367.057
368.491
368.166
367.130
365.451
367.464
367.734
365.383
364.293
367.825
362.598
362.731
364.163
365.270
360.509
367.264
369.007
364.094
367.075
363.066
366.624
370.878
361.545
366.393
364.931
361.875
366.549
364.812
365.230
364.259
366.800
360.895
368.493
365.920
361.475
363.691
362.494
362.930
362.698
366.525
362.739
366.095
363.113
361.270
363.741
362.534
362.753
363.417
361.626
367.563
365.297
364.489
363.961
362.139
367.295
373.545
363.772
367.723
366.337
364.500
363.198
367.759
365.044
363.200
376.073
365.300
367.014
364.146
363.687
368.461
366.197
364.979
366.251
367.033
360.333
364.950
366.462
365.427
360.614
367.766
366.696
363.863
363.345
366.055
364.311
365.737
366.730
365.552
364.553
365.794
363.363
369.005
366.662
362.418
363.429
366.591
364.962
362.401
365.015
365.304
365.048
363.828
366.026
367.839
362.383
367.489
365.205
365.101
368.065
366.725
363.006
363.790
364.998
365.123
360.234
365.129
364.588
365.705
363.919
366.964
364.071
365.637
362.245
365.535
365.883
363.358
364.898
363.624
365.409
361.114
364.723
366.573
367.322
366.335
364.333
363.343
363.823
365.844
364.424
366.887
368.081
366.367
364.640
364.733
366.626
365.526
362.762
363.419
367.100
362.408
365.895
363.188
362.695
362.987
362.428
363.867
366.774
366.172
364.216
362.633
363.465
363.022
365.902
362.186
364.622
362.476
366.028
366.900
363.865
361.894
367.839
361.839
361.612
365.607
364.858
360.825
366.056
360.341
367.481
366.346
362.634
365.265
364.202
365.209
362.040
366.603
364.374
362.351
366.280
364.855
365.432
364.913
362.232
361.765
363.610
367.909
363.975
365.181
363.539
363.766
363.628
365.550
361.439
361.471
364.859
362.581
365.924
362.832
362.415
365.792
366.357
362.572
360.852
362.058
363.738
362.027
362.802
362.256
360.751
366.557
365.929
361.288
364.330
359.460
363.498
366.702
364.651
365.795
361.576
363.920
365.004
365.143
364.229
362.018
365.489
363.512
363.075
364.985
364.707
364.980
366.999
364.372
364.701
363.449
363.250
361.947
361.956
362.302
365.504
363.937
364.856
365.551
363.795
365.509
365.229
365.390
362.260
365.202
364.644
363.522
365.985
361.628
363.977
366.134
362.874
361.637
361.186
359.807
367.357
362.060
365.437
362.229
366.565
362.425
360.918
364.745
361.493
363.045
366.667
363.077

Results for GA: 
Correctly classified 19247.0 instances.
Incorrectly classified 753.0 instances.
Percent correctly classified: 96.235%
Training time: 2230.986 seconds
Testing time: 0.092 seconds

inputLayer=16, hiddenLayer=16, outputLayer=1, trainingIterations=500, population=200, toMate=125, toMutate=10
