
Error results for GA(toMate: 75)
---------------------------
3966.608
515.276
845.419
4210.710
3348.163
2495.302
417.887
1048.401
461.094
2539.986
379.293
983.475
1272.610
604.898
639.765
1904.576
363.898
379.513
684.561
907.469
387.915
685.081
487.633
432.676
1918.401
557.286
927.977
1396.897
992.412
397.862
374.561
365.868
367.836
390.312
441.371
374.815
386.389
373.748
406.932
370.131
370.918
370.928
364.417
491.605
409.858
989.649
374.142
381.866
479.274
360.574
369.114
365.363
367.662
434.841
417.520
411.765
373.864
374.676
376.306
371.497
362.764
372.492
596.098
460.464
367.052
446.227
513.814
371.833
371.385
373.155
371.576
372.370
368.047
375.210
372.965
462.626
372.384
371.285
366.591
369.705
368.459
365.927
370.596
367.302
371.587
363.828
373.105
374.274
367.055
374.350
372.573
371.686
367.674
370.745
370.527
369.152
368.840
474.936
371.645
368.113
389.192
371.623
368.167
371.072
367.760
363.178
364.577
362.132
365.609
372.530
374.012
364.596
369.018
414.631
374.083
366.381
359.937
365.047
370.733
372.758
361.902
374.470
375.595
361.542
372.829
371.595
370.597
371.985
368.961
371.429
373.769
373.549
368.516
363.159
370.274
375.790
364.980
364.832
371.655
369.276
366.599
373.910
376.371
370.997
378.826
372.883
374.095
370.988
372.953
371.604
371.551
379.004
376.919
374.734
368.802
371.159
373.250
365.011
371.794
360.759
370.880
372.152
370.751
374.442
372.314
363.988
372.147
370.653
369.631
360.910
362.984
374.325
372.922
368.632
374.743
374.717
372.352
367.716
373.191
370.856
364.297
368.450
374.541
375.053
371.326
364.444
372.400
367.747
367.011
369.002
368.531
372.455
371.645
362.678
362.797
372.119
370.237
371.184
369.493
374.521
370.901
372.813
360.812
372.086
370.969
367.978
372.525
374.140
373.970
369.852
370.782
366.582
372.679
369.300
367.263
373.672
372.789
374.011
368.379
371.456
368.642
371.114
367.133
373.894
366.996
368.112
372.687
371.130
367.676
371.454
370.959
353.359
371.513
372.969
358.541
367.121
360.543
374.005
372.143
371.657
372.675
361.008
374.058
369.208
371.342
368.011
373.948
374.218
368.154
367.757
372.429
364.373
366.332
373.625
371.498
365.102
370.704
357.180
373.600
369.475
371.300
366.393
366.847
369.707
364.750
373.764
368.647
370.562
366.081
367.652
360.190
370.773
369.307
370.297
371.254
364.254
364.330
371.172
366.972
373.941
362.284
367.744
362.176
367.901
370.280
367.902
369.765
373.105
368.492
369.214
368.860
365.912
358.734
367.900
371.645
364.697
371.957
369.049
371.251
360.021
372.957
368.605
366.820
367.045
363.032
367.062
366.096
369.684
370.994
366.543
364.874
368.706
371.671
363.703
364.943
368.565
365.140
369.481
361.377
368.867
371.568
371.958
368.570
366.256
370.563
364.688
368.155
365.126
368.898
369.437
381.766
366.449
372.393
364.088
371.585
369.474
365.923
371.830
370.097
371.436
371.288
369.968
384.109
370.995
369.446
370.401
363.026
368.400
366.667
368.385
368.750
365.698
361.429
364.955
366.819
367.169
358.452
362.710
365.080
367.218
370.238
368.144
368.353
370.832
369.553
369.471
365.389
361.850
361.937
365.921
365.808
365.050
359.762
367.174
367.315
364.443
367.192
363.361
365.937
369.628
367.271
367.818
359.116
366.511
368.809
364.110
364.479
366.133
367.972
361.746
363.981
370.106
366.147
361.527
362.584
367.962
368.327
363.702
363.375
367.335
367.317
368.462
364.585
367.087
366.282
356.208
367.931
366.314
367.519
366.768
363.791
367.676
366.495
364.789
363.634
362.459
364.283
363.088
366.839
366.179
371.385
363.060
363.028
366.162
360.980
363.060
368.652
364.041
367.894
367.770
365.005
363.920
366.454
362.917
365.288
363.019
362.140
362.308
365.156
363.781
365.773
364.319
365.897
360.486
365.798
365.213
361.545
365.104
362.474
364.347
364.068
364.430
366.243
367.639
368.668
363.349
367.417
368.723
364.432
367.343
362.439
362.431
364.833
365.563
366.332
361.992
365.059
362.711
361.169
366.088
363.582
365.526
362.125
359.145
363.154
362.847
363.459
359.866
363.902
360.864
363.231
361.337
362.293
363.972
374.166
367.110
363.070
363.783
356.418
362.468
359.818
359.946
361.673
359.547
361.391
364.062
360.619
362.057
361.421
361.723

Results for GA: 
Correctly classified 19247.0 instances.
Incorrectly classified 753.0 instances.
Percent correctly classified: 96.235%
Training time: 1361.617 seconds
Testing time: 0.107 seconds

inputLayer=16, hiddenLayer=16, outputLayer=1, trainingIterations=500, population=200, toMate=75, toMutate=10
