
Error results for GA(toMate: 10)
---------------------------
2820.792
1095.844
1480.450
1613.946
2350.206
1216.179
1118.533
2209.311
1650.792
458.307
693.102
855.325
390.073
2115.190
2085.779
2095.573
472.719
440.156
498.422
458.352
543.748
444.802
519.459
503.314
426.052
431.853
471.015
451.799
483.778
401.126
510.039
534.665
937.202
394.993
663.977
557.618
660.128
372.596
435.366
561.081
371.013
372.234
368.590
371.799
406.553
369.804
392.555
436.087
367.888
431.291
754.523
380.097
432.890
364.834
475.080
367.579
370.483
375.354
378.300
365.239
424.479
367.279
383.504
559.458
363.953
370.508
399.127
372.186
374.742
371.729
373.760
367.557
372.731
377.959
368.530
399.443
372.190
370.995
372.805
367.718
364.107
372.782
367.461
380.167
363.063
367.574
371.028
365.580
364.240
367.108
374.582
368.145
372.049
383.936
385.793
398.411
368.734
370.615
370.917
370.486
372.280
367.855
366.027
373.974
366.984
392.337
417.311
365.576
369.009
368.762
369.595
364.369
366.452
365.214
362.571
367.904
381.441
363.612
366.076
368.744
368.983
386.422
379.150
370.387
373.508
366.894
367.800
366.876
370.803
364.455
383.258
369.634
397.654
371.153
365.443
366.707
369.612
379.368
366.169
367.605
367.825
370.141
368.926
369.837
426.500
366.701
366.257
384.381
377.510
370.141
377.098
367.635
369.757
368.551
364.892
375.873
454.123
372.639
373.369
368.040
368.967
366.883
394.415
366.889
365.187
370.055
369.758
372.539
361.865
365.014
370.177
366.205
366.791
370.322
361.794
368.741
379.769
368.916
361.868
366.795
368.359
368.253
369.124
364.782
365.672
364.651
369.034
362.600
368.120
364.811
368.198
363.081
369.282
370.564
366.041
370.328
377.487
362.822
367.650
366.455
368.560
365.012
369.883
371.507
362.598
367.655
364.249
370.474
364.597
365.542
368.680
369.515
370.727
367.710
368.447
368.415
365.886
371.574
367.579
365.693
371.346
391.476
364.758
361.914
365.657
365.885
366.698
364.707
366.678
365.609
368.918
367.709
384.723
367.618
380.471
366.829
366.491
366.747
367.192
367.919
370.023
368.291
362.432
363.074
361.804
364.357
366.447
364.310
366.201
367.911
367.042
369.387
363.705
362.026
365.178
364.884
362.661
368.076
368.810
363.774
363.680
368.553
360.371
359.574
367.792
362.035
364.390
363.980
361.638
368.874
361.079
365.120
367.433
366.630
363.224
361.259
364.727
364.314
364.991
365.322
362.507
368.469
371.200
365.700
361.317
367.377
369.745
370.688
365.909
368.379
368.406
376.324
368.448
367.571
369.701
365.689
364.684
362.951
361.554
373.758
376.021
365.888
363.656
362.332
362.129
361.552
366.227
364.950
370.391
374.115
364.092
364.172
362.776
389.160
361.672
368.216
366.234
362.379
365.829
376.494
361.585
365.132
369.271
419.484
361.408
362.397
363.548
385.531
365.050
364.942
360.853
362.917
368.718
363.870
363.694
364.077
361.226
365.744
363.988
364.139
365.317
361.048
369.730
362.134
365.295
397.109
369.834
367.227
363.356
365.004
360.204
384.774
360.547
363.837
392.494
376.550
360.658
364.945
372.203
391.871
361.034
373.248
365.494
368.040
371.388
394.394
366.069
363.242
379.793
391.304
399.180
364.133
382.497
378.305
360.153
361.749
465.873
375.555
361.257
385.004
430.563
369.025
373.836
364.984
390.326
367.480
375.857
372.009
367.346
370.233
372.701
409.260
367.623
418.615
358.029
368.760
461.033
372.230
412.131
372.721
383.228
385.172
368.775
373.390
403.308
374.907
393.473
364.586
384.060
371.879
382.706
368.776
373.480
471.108
364.559
363.558
377.197
369.125
361.360
369.539
367.604
367.684
361.589
369.818
361.487
386.062
371.527
375.649
362.434
360.301
452.711
381.167
518.788
371.114
406.258
361.311
365.465
364.474
365.559
362.157
421.299
406.738
368.833
363.858
377.232
363.926
413.932
368.369
364.950
364.471
364.470
363.448
376.319
363.167
362.784
369.128
360.292
381.984
369.041
397.167
381.830
377.995
360.224
362.068
377.092
366.566
383.273
372.068
361.932
362.068
377.334
362.973
361.520
374.826
374.328
371.804
360.046
377.406
362.695
367.274
370.773
366.379
365.410
367.454
367.291
363.437
368.404
362.540
365.854
360.669
362.574
370.977
367.037
364.056
363.686
362.949
431.095
400.568
379.361
361.528

Results for GA: 
Correctly classified 19247.0 instances.
Incorrectly classified 753.0 instances.
Percent correctly classified: 96.235%
Training time: 205.601 seconds
Testing time: 0.089 seconds

inputLayer=16, hiddenLayer=16, outputLayer=1, trainingIterations=500, population=200, toMate=10, toMutate=10
