
Error results for GA(toMate: 175)
---------------------------
752.907
437.594
1145.629
1200.299
1695.237
3659.556
664.160
772.828
400.035
395.808
1657.630
960.401
415.396
1377.781
423.265
758.745
495.087
364.994
361.594
390.391
372.816
383.173
455.293
362.024
362.766
479.602
365.312
369.100
377.465
369.520
371.820
419.340
402.040
371.150
366.691
369.169
362.864
364.923
377.485
369.530
367.669
379.723
364.611
366.999
384.834
371.990
369.525
490.189
369.653
364.645
368.305
363.228
370.320
367.536
369.336
368.714
375.773
372.877
372.057
370.703
651.645
363.098
366.684
392.229
369.090
367.763
370.002
367.395
371.797
368.689
367.079
371.060
367.484
368.553
370.373
371.052
370.879
364.433
372.254
369.697
372.123
382.755
359.868
371.764
362.841
368.969
368.480
369.747
370.966
368.818
368.896
363.765
399.989
372.508
370.274
371.612
399.032
366.717
380.646
371.382
372.303
372.631
365.448
362.836
372.477
383.487
370.169
371.805
377.346
367.631
367.637
369.800
363.087
364.724
364.577
363.680
367.665
369.896
371.600
368.505
373.718
371.974
368.223
369.147
373.495
371.226
360.965
370.067
374.863
372.693
366.439
370.913
376.196
367.677
364.156
369.149
371.236
371.179
369.995
366.059
369.661
369.078
370.887
371.432
367.939
367.607
369.329
370.424
399.574
370.041
363.730
370.596
365.811
371.808
370.103
365.240
363.597
369.190
369.612
368.073
368.517
362.565
372.944
366.738
368.695
370.273
370.103
377.302
370.990
369.299
368.376
365.752
369.640
368.085
369.021
369.666
371.528
371.709
372.214
367.742
369.133
368.647
373.460
371.088
364.747
371.690
371.757
370.202
365.786
368.653
367.983
363.525
370.513
365.350
369.699
372.049
366.662
371.761
369.592
368.741
369.583
368.239
372.242
367.022
370.542
369.155
371.071
372.968
367.116
370.394
372.298
367.243
371.484
369.131
371.963
376.576
371.281
372.646
370.860
371.449
368.950
371.444
373.953
371.036
371.299
368.504
371.157
366.947
371.605
372.842
371.383
373.003
373.035
371.082
371.588
364.306
372.195
369.984
367.569
364.811
369.643
362.664
369.403
369.361
370.967
370.676
371.833
369.261
366.268
373.052
372.550
363.257
370.929
371.573
363.562
369.834
369.770
373.607
368.804
372.115
367.497
369.307
368.520
370.586
364.620
368.042
371.365
367.435
367.830
366.838
369.153
368.759
369.224
370.368
371.352
371.568
368.019
370.283
370.491
368.065
366.142
372.295
369.084
368.883
366.078
370.283
369.038
371.982
368.796
365.744
368.612
371.734
367.341
366.911
370.092
372.409
368.010
369.168
366.562
372.613
369.729
370.751
369.929
371.231
372.445
373.213
372.487
373.021
372.606
368.566
369.719
365.074
372.284
367.407
368.845
370.649
368.886
371.796
372.850
368.350
370.375
369.641
369.169
368.080
372.568
371.147
372.590
366.178
369.615
369.661
371.103
368.889
362.482
371.466
372.063
368.623
368.062
374.012
367.265
371.895
371.648
369.404
372.516
372.614
370.854
370.579
372.926
369.296
373.317
369.539
368.139
370.833
368.135
372.454
368.050
371.212
372.285
371.185
367.890
369.412
369.522
372.084
372.087
367.471
365.510
371.912
367.296
367.091
371.638
371.104
369.976
368.043
371.989
370.131
368.349
369.250
368.694
368.528
367.657
371.711
370.922
368.617
364.662
370.457
363.753
371.569
367.564
372.457
367.968
366.155
371.029
372.007
371.406
367.470
369.032
367.649
367.657
371.326
367.026
370.698
371.928
368.972
369.588
369.484
369.180
365.435
371.149
371.260
369.170
367.233
370.276
367.026
370.804
367.914
366.590
370.448
367.407
372.447
370.508
366.478
369.174
366.151
367.631
366.696
369.267
370.104
370.586
372.789
369.618
364.723
366.785
369.164
366.697
367.534
370.027
369.698
369.349
368.122
369.268
369.749
383.451
366.366
367.739
372.375
369.896
369.333
365.839
369.067
371.095
363.575
382.831
371.025
365.899
366.544
370.419
367.816
368.127
365.502
370.800
366.300
366.646
371.179
370.082
367.618
366.538
368.016
370.283
379.091
368.525
368.066
370.642
370.671
367.564
363.968
367.662
369.479
368.788
366.581
367.739
367.262
366.389
369.069
371.100
371.014
368.467
366.582
369.987
368.857
371.269
369.776
365.131
370.827
365.210
371.703
368.206
371.131
366.211
371.554
365.198
369.057

Results for GA: 
Correctly classified 19247.0 instances.
Incorrectly classified 753.0 instances.
Percent correctly classified: 96.235%
Training time: 3106.982 seconds
Testing time: 0.109 seconds

inputLayer=16, hiddenLayer=16, outputLayer=1, trainingIterations=500, population=200, toMate=175, toMutate=10
