
Error results for RHC
---------------------------
6965.404
8742.214
2556.767
860.395
1166.951
3790.339
1124.547
4045.408
2772.694
5226.842
2742.375
4019.916
473.077
587.036
426.712
423.540
467.858
434.010
380.899
380.878
381.672
380.563
380.572
378.499
421.581
382.390
417.494
376.975
387.511
377.912
377.758
377.242
376.628
376.520
376.545
376.519
376.524
376.521
376.527
376.552
376.739
376.511
376.527
376.511
376.503
376.501
376.501
376.501
376.503
376.507
376.501
376.505
376.500
376.500
376.500
376.500
376.500
376.500
376.500
376.500
376.500
376.500
376.500
376.500
376.500
376.500
376.500
376.500
376.500
376.500
376.500
376.500
376.500
376.500
376.500
376.500
376.500
376.500
376.500
376.500
376.500
376.500
376.500
376.500
376.500
376.500
376.500
376.500
376.500
376.500
376.500
376.500
376.500
376.500
376.500
376.500
376.500
376.500
376.500
376.500

Error results for SA
---------------------------
379.704
377.568
376.541
388.428
392.180
623.513
815.592
465.117
558.794
405.841
411.139
407.833
398.344
394.555
394.971
552.328
783.377
783.943
643.800
1044.371
2148.349
2229.070
1847.088
3238.550
3149.055
2952.149
2925.429
2481.888
2774.186
3357.305
3354.879
4920.828
2868.101
2197.976
1837.204
1090.955
594.248
697.271
811.419
726.691
754.708
600.712
588.421
555.816
509.557
700.407
526.212
656.736
606.322
963.624
1624.884
2400.763
3746.456
5558.211
5096.825
4260.319
3446.148
2426.678
1218.879
872.688
813.553
1195.602
927.057
890.116
799.687
1047.868
1324.199
1880.182
3334.102
4447.189
4411.278
5330.131
5628.689
5286.369
5884.719
6237.919
4584.022
3884.197
3114.931
4486.388
2977.761
2579.649
1506.718
1572.580
1202.507
1587.500
1630.106
2410.157
2489.457
2671.946
3042.642
2722.693
1548.228
1042.401
1583.900
1473.537
1417.121
2338.836
2428.196
1557.241

Error results for GA
---------------------------
376.333
688.269
389.409
376.500
376.500
423.120
376.500
376.571
376.500
376.500
376.458
421.811
376.513
376.500
382.130
381.951
376.783
424.265
376.500
376.500
376.520
376.500
376.509
376.544
376.500
376.497
376.500
376.500
376.500
376.500
376.500
376.499
376.500
376.500
376.498
376.500
376.500
376.500
376.486
377.422
376.500
376.500
376.500
376.500
376.500
376.500
376.500
376.500
376.500
376.499
376.496
376.500
376.500
376.499
376.500
376.500
376.500
376.500
376.500
376.500
376.500
376.500
376.500
376.500
376.500
376.500
376.465
376.500
376.500
376.500
376.500
376.500
376.504
376.500
376.500
376.500
376.500
376.500
376.500
376.507
376.500
376.500
376.500
376.500
376.499
376.500
376.500
376.500
376.500
376.500
376.500
376.500
376.500
376.500
376.500
376.500
376.500
376.500
376.500
376.500

Results for RHC: 
Correctly classified 19247.0 instances.
Incorrectly classified 753.0 instances.
Percent correctly classified: 96.235%
Training time: 8.547 seconds
Testing time: 0.105 seconds

Results for SA: 
Correctly classified 16345.0 instances.
Incorrectly classified 3655.0 instances.
Percent correctly classified: 81.725%
Training time: 7.169 seconds
Testing time: 0.114 seconds

Results for GA: 
Correctly classified 19247.0 instances.
Incorrectly classified 753.0 instances.
Percent correctly classified: 96.235%
Training time: 52.013 seconds
Testing time: 0.110 seconds

inputLayer=16, hiddenLayer=16, outputLayer=1, trainingIterations=100
