
Error results for RHC
---------------------------
9307.313
9339.940
9267.319
9537.957
9476.505
9412.770
9255.771
8551.132
8943.789
9356.804
8081.053
6410.091
5867.468
6909.465
4721.366
5032.401
3418.393
4959.403
5393.476
5895.088
2364.244
5735.800
5564.771
4833.069
3330.461
1756.119
2270.796
3636.061
4818.938
1791.160
1502.642
1433.351
1423.168
1773.436
1441.327
1404.178
2646.574
2129.632
3247.670
2590.334
1092.649
2723.281
513.396
429.573
1045.398
396.310
386.988
386.814
386.777
384.347
452.436
385.593
380.849
380.850
378.173
379.458
376.556
376.556
376.556
376.529
376.506
376.509
376.510
376.506
376.503
379.477
376.502
376.521
376.502
376.509
376.502
376.502
376.501
376.501
376.501
376.500
376.500
376.500
376.500
376.500
376.500
376.500
376.500
376.500
376.500
376.500
376.500
376.500
376.500
376.500
376.500
376.500
376.500
376.500
376.500
376.500
376.500
376.500
376.500
376.500
376.500
376.500
376.500
376.500
376.500
376.500
376.500
376.500
376.500
376.500
376.500
376.500
376.500
376.500
376.500
376.500
376.500
376.500
376.500
376.500
376.500
376.500
376.500
376.500
376.500
376.500
376.500
376.500
376.500
376.500
376.500
376.500
376.500
376.500
376.500
376.500
376.500
376.500
376.500
376.500
376.500
376.500
376.500
376.500
376.500
376.500
376.500
376.500
376.500
376.500
376.500
376.500
376.500
376.500
376.500
376.500
376.500
376.500
376.500
376.500
376.500
376.500
376.500
376.500
376.500
376.500
376.500
376.500
376.500
376.500
376.500
376.500
376.500
376.500
376.500
376.500
376.500
376.500
376.500
376.500
376.500
376.500
376.500
376.500
376.500
376.500
376.500
376.500
376.500
376.500
376.500
376.500
376.500
376.500
376.500
376.500
376.500
376.500
376.500
376.500
376.500
376.500
376.500
376.500
376.500
376.500
376.500
376.500
376.500
376.500
376.500
376.500
376.500
376.500
376.500
376.500
376.500
376.500
376.500
376.500
376.500
376.500
376.500
376.500
376.500
376.500
376.500
376.500
376.500
376.500
376.500
376.500
376.500
376.500
376.500
376.500
376.500
376.500
376.500
376.500
376.500
376.500
376.500
376.500
376.500
376.500
376.500
376.500
376.500
376.500

Error results for SA
---------------------------
6163.304
6322.107
6188.747
7303.065
8438.101
8329.246
7242.491
6344.125
6723.804
7037.296
7275.673
8066.391
8395.892
7941.416
8629.348
8430.504
7881.565
9101.608
9170.437
9269.713
9351.512
8724.160
8069.442
8208.248
8423.768
8460.805
8377.076
8568.107
7578.232
8169.077
8332.646
8314.900
7689.074
8727.267
8549.567
8610.515
8627.917
7988.626
7797.366
7487.303
7063.831
5384.020
5498.994
6765.165
6101.284
7473.861
6792.938
5007.597
5858.927
5266.221
6780.021
6980.872
7797.030
7150.930
7219.843
7025.077
5603.934
4949.567
4206.709
4908.255
4360.607
5155.268
4310.278
6023.931
6474.532
6324.141
5111.553
5522.808
4973.250
4487.563
3532.286
1973.754
2717.379
4424.040
6268.731
6684.410
6292.084
5121.727
5346.971
6215.832
7008.716
6684.066
5697.401
6092.484
6284.881
5126.919
6268.858
6175.803
6360.635
4883.487
5409.269
7128.855
6649.293
4685.541
3405.762
3358.029
2674.809
2993.638
2491.576
1188.149
1328.590
1663.578
2985.404
2257.710
3292.106
4899.676
7646.066
8681.451
8607.834
8763.968
9340.935
9298.290
9256.054
9242.762
9460.614
9455.841
9305.924
9354.620
9388.313
9558.745
9424.075
9460.128
9367.139
9275.244
9286.723
9417.186
9347.088
9236.690
9553.329
9597.240
9595.807
9605.985
9607.905
9567.494
9367.478
9587.690
9593.532
9601.477
9605.904
9613.992
9619.574
9620.829
9550.028
9533.631
9409.612
9469.106
9195.161
8170.720
5933.284
6051.429
6788.629
7458.934
7817.509
7063.607
6865.052
6551.946
4977.372
5403.095
2701.173
1410.039
2592.222
1845.424
2248.881
3801.710
1906.664
3797.156
4957.661
5274.823
5177.330
5051.124
4428.697
4206.521
3775.071
5739.437
4678.406
4846.709
5325.235
7200.089
7802.388
8642.214
8943.321
9279.493
9441.679
9492.983
9508.889
9433.247
9422.949
9439.555
9497.172
9472.921
9352.829
9322.137
9371.468
9569.611
9567.561
9558.385
9322.301
9412.335
9569.736
9549.831
9533.251
9297.932
9319.572
9147.517
9462.335
9474.105
9424.215
9573.460
9564.811
9558.643
9556.348
9560.178
9519.466
9538.566
9557.142
9545.970
9527.593
9589.343
9604.347
9566.490
9595.680
9565.596
9532.008
9557.292
9567.107
9554.205
9553.528
9558.882
9539.590
9604.541
9622.470
9616.582
9619.623
9613.009
9619.170
9623.323
9623.387
9621.191
9618.465
9620.714
9620.898
9621.001
9621.542
9623.365
9623.389
9623.357
9623.312
9623.429
9623.493
9623.495

Error results for GA
---------------------------
2038.288
376.496
384.121
376.500
406.508
1029.934
402.863
376.473
376.394
376.500
376.509
450.036
376.500
386.053
376.496
391.367
376.499
376.498
376.500
376.503
376.500
376.542
376.499
376.500
376.500
376.501
449.134
376.496
406.297
376.500
376.497
376.574
376.499
376.598
376.500
376.611
376.556
377.444
407.913
376.500
376.500
376.497
376.506
376.500
376.500
376.500
376.500
376.500
376.500
383.302
376.500
376.500
376.553
376.500
376.500
376.500
383.242
376.500
376.268
376.500
376.498
376.514
376.500
376.526
376.500
396.092
376.500
376.500
376.958
376.490
376.321
376.494
376.500
376.500
376.500
376.500
376.500
376.500
376.500
376.500
376.500
376.500
376.500
376.500
376.462
376.553
376.500
376.500
376.500
376.498
376.500
378.661
376.500
376.500
376.500
376.500
376.500
376.500
376.500
376.500
376.499
376.500
376.500
376.502
376.493
376.500
376.500
376.295
376.500
376.494
376.500
376.474
376.500
376.929
378.518
376.500
376.500
376.500
376.500
376.500
376.500
376.500
376.500
376.500
376.500
376.587
376.500
376.499
376.500
376.500
376.500
376.500
376.500
376.500
376.500
376.500
376.501
376.500
376.500
376.500
376.648
376.500
376.500
376.500
376.500
376.500
376.500
376.495
376.362
376.500
376.500
376.500
376.500
376.500
376.500
376.500
376.500
376.500
376.500
376.500
376.500
376.500
376.498
376.500
376.500
376.500
376.500
376.500
376.500
376.500
376.500
376.500
376.500
376.500
376.500
376.500
376.500
376.500
376.500
376.500
376.500
376.500
376.500
376.500
376.500
376.500
376.500
376.500
376.500
376.500
376.501
376.500
376.500
376.500
376.500
376.500
376.500
382.910
376.500
376.500
376.500
376.500
376.500
376.500
376.500
376.500
376.500
376.500
376.500
376.500
376.500
376.499
376.500
376.500
376.500
376.500
376.500
376.500
376.570
376.500
376.500
376.500
376.500
376.500
376.500
376.500
376.500
376.500
376.508
376.500
376.500
376.500
376.500
376.500
376.500
376.501
376.500
382.368
376.504
376.505
376.500
376.500
376.500
376.500
377.033
376.500
376.512
376.500
376.500
376.500

Results for RHC: 
Correctly classified 19247.0 instances.
Incorrectly classified 753.0 instances.
Percent correctly classified: 96.235%
Training time: 21.164 seconds
Testing time: 0.122 seconds

Results for SA: 
Correctly classified 753.0 instances.
Incorrectly classified 19247.0 instances.
Percent correctly classified: 3.765%
Training time: 11.994 seconds
Testing time: 0.065 seconds

Results for GA: 
Correctly classified 19247.0 instances.
Incorrectly classified 753.0 instances.
Percent correctly classified: 96.235%
Training time: 147.238 seconds
Testing time: 0.134 seconds

inputLayer=16, hiddenLayer=16, outputLayer=1, trainingIterations=250
