
Error results for RHC
---------------------------
9623.425
9613.146
9589.838
9618.387
9616.963
9606.143
9617.328
8872.286
4557.544
6300.393
1710.984
2164.444
694.007
538.143
395.791
431.927
566.714
386.867
390.378
401.489
534.874
384.800
393.990
384.912
382.287
397.290
379.075
376.514
376.513
376.513
376.504
376.505
377.515
376.503
376.501
376.501
376.502
376.500
376.513
376.498
376.500
378.736
376.503
376.490
376.547
376.501
381.616
376.500
376.476
378.524
376.480
376.489
376.492
376.480
376.496
376.477
376.483
376.478
376.488
376.496
376.453
376.434
376.356
376.448
376.447
379.904
376.487
377.201
376.355
379.102
376.343
376.407
376.279
376.324
377.531
376.485
379.451
376.214
376.853
376.298
376.551
376.435
376.228
382.810
376.568
380.958
376.150
376.087
376.507
376.121
389.595
377.399
376.426
376.875
379.670
376.344
376.124
376.522
376.094
437.918
376.438
404.469
376.750
417.508
387.258
376.475
376.309
405.422
376.096
376.998
376.331
376.138
376.181
384.176
376.362
376.089
376.328
394.887
376.286
376.069
388.064
376.329
524.542
376.155
442.327
376.423
376.404
380.552
376.127
376.409
379.912
376.445
456.893
376.144
376.163
376.063
376.464
376.091
376.172
376.436
376.371
376.361
376.124
376.539
376.072
376.371
376.090
375.962
383.399
375.978
376.004
375.989
375.915
433.878
376.406
375.949
394.664
425.547
411.495
376.257
375.812
375.810
375.949
381.339
376.434
376.327
375.882
375.959
375.832
376.190
375.913
375.812
376.071
376.267
375.775
399.782
375.812
376.315
386.284
375.787
376.229
382.232
448.113
376.378
383.525
375.959
376.088
376.324
376.344
376.455
376.431
376.321
375.843
375.801
375.797
375.777
375.750
376.077
376.461
376.227
375.851
375.726
376.342
375.636
494.486
473.880
653.281
391.571
375.587
376.606
376.541
376.034
376.229
375.587
375.997
376.417
383.962
376.025
376.433
375.873
390.341
394.740
375.608
459.113
458.507
382.969
376.497
376.377
375.585
375.747
375.731
376.319
427.267
376.216
375.653
375.610
375.540
375.426
478.779
381.326
375.989
375.642
375.995
375.361
376.631
375.319
375.330
375.944
376.083
378.511
376.364
375.954
376.131
393.522
376.471
377.249
376.062
384.997
375.934
375.485
583.070
375.357
375.874
375.536
378.705
375.334
376.038
375.274
375.719
395.435
418.364
377.410
375.964
382.813
376.392
375.357
376.382
375.388
376.001
394.807
594.474
375.752
375.723
375.511
376.184
378.079
375.262
406.436
375.910
375.533
375.300
375.905
376.271
378.310
376.268
516.094
375.268
375.652
683.074
375.291
375.991
375.218
582.312
383.447
544.437
427.875
376.502
375.360
375.235
415.407
375.428
375.607
376.442
375.473
402.292
381.854
375.982
375.480
620.133
445.306
376.289
486.020
375.239
387.274
375.563
375.573
375.764
375.295
375.897
376.426
375.413
375.189
376.331
405.650
375.299
382.433
392.767
375.686
375.262
375.840
375.450
376.700
375.508
376.344
376.401
383.326
412.393
375.292
375.698
565.683
375.409
750.194
375.898
375.558
376.492
375.216
375.953
387.661
418.199
375.218
556.077
445.444
375.411
376.396
377.262
393.277
375.650
410.070
999.009
375.261
375.814
375.228
378.919
393.079
471.306
376.369
375.895
605.337
414.034
376.347
377.507
375.317
376.449
375.541
376.157
597.372
375.562
376.119
1111.513
375.963
376.536
375.316
375.257
375.560
376.348
375.265
376.239
381.213
384.110
376.328
375.859
375.685
376.402
375.860
375.134
988.842
375.556
385.218
375.289
603.658
375.806
400.855
376.422
392.948
376.425
502.026
375.272
375.835
374.930
504.539
374.992
375.101
443.973
375.680
493.006
376.017
374.707
374.808
375.197
375.028
374.550
375.935
374.488
375.388
375.977
374.726
426.056
401.000
374.735
375.272
417.541
375.370
376.422
1069.770
375.293
374.777
375.026
374.672
375.196
374.884
374.515
378.556
402.293
374.653
374.453
402.679
407.281
478.137
724.865
376.581
406.319
375.620
396.841
376.204
374.716
654.392
374.875
375.915
384.797
375.242
375.667
729.035
374.931
376.109
375.330
375.768
374.637
440.759
375.856
411.457
376.364
375.732
376.352
374.526
374.510
374.656
375.823
405.887
374.479
375.147
375.295
497.922
374.437
385.723
374.908
374.484
376.409
375.663
376.110
375.616
376.311
375.626
374.971
374.367
374.430
398.662
558.136
375.214
374.362
374.802
374.318
379.908
402.632
374.322
374.335
374.350
424.437
380.043
374.639
374.783
374.316
375.733
392.174
375.214
375.990
386.313
904.234
429.133
375.574
384.941
374.358
374.490
376.115
421.687
374.634
374.393
377.254
375.640
374.311
376.739
375.906
375.894
399.918
374.377
375.189
557.406
904.047
580.605
374.827
376.121
374.623
376.032
381.502
455.446
374.836
377.528
374.802
374.885
374.206
391.840
380.962
374.456
495.664
417.980
374.359
414.114
386.227
374.646
427.891
383.614
374.994
375.238
379.617
376.254
380.291
374.508
374.116
376.370
374.108
374.478
375.839
499.341
383.460
374.118
376.188
577.832
376.084
374.079
375.807
374.327
374.656
528.594
374.129
413.123
374.903
376.538
733.527
402.175
392.668
375.790
376.355
375.473
374.212
375.886
381.280
545.762
382.930
488.968
406.163
374.132
374.115
374.071
375.670
374.710
376.153
1570.500
375.114
808.169
374.431
375.010
376.283
524.653
375.772
374.126
375.332
375.738
376.237
374.146
524.997
387.935
541.461
373.958
375.180
373.953
377.965
375.414
449.773
376.199
374.257
376.065
374.711
375.329
374.496
375.327
374.774
736.052
374.635
374.004
376.360
375.999
381.657
374.316
374.882
379.134
375.146
375.962
374.111
601.722
408.229
423.394
374.891
376.029
407.565
374.749
529.680
374.400
394.228
643.269
373.946
374.146
374.816
374.173
610.424
393.365
374.746
427.502
380.791
375.062
374.010
376.472
375.617
374.030
375.517
373.956
378.010
373.843
499.371
374.285
375.432
387.947
374.272
373.709
374.153
377.138
776.582
374.344
374.656
375.758
373.671
415.588
448.826
375.292
374.454
373.865
373.720
375.835
387.762
375.321
603.286
377.996
376.281
376.282
375.330
376.336
373.692
380.459
375.745
544.459
373.963
523.362
375.306
397.670
374.791
417.399
373.932
373.666
373.794
375.934
373.534
373.328
392.189
460.656
373.408
375.826
373.605
374.432
373.902
373.410
546.342
386.665
379.817
622.405
373.389
397.260
394.268
375.452
373.620
564.336
375.217
373.228
374.923
373.736
423.984
375.531
374.255
376.325
375.835
375.181
797.332
374.947
375.141
373.347
716.631
375.784
1543.475
373.583
373.544
441.043
374.384
381.929
373.251
374.346
375.972
374.539
374.678
375.797
374.702
374.914
373.101
443.034
683.284
400.478
379.369
373.039
373.201
373.042
423.988
373.366
373.256
375.501
376.139
375.007
373.907
374.950
377.101
584.564
373.481
565.002
373.992
382.224
389.826
376.337
374.479
376.085
749.306
376.082
509.626
373.812
373.194
381.851
375.110
373.162
373.754
373.597
419.440
374.526
374.880
374.184
386.295
741.684
403.008
374.729
521.162
373.871
746.802
374.617
375.386
375.701
373.257
373.592
398.049
372.954
374.584
373.533
380.226
374.690
373.738
375.423
914.669
773.162
375.918
394.602
376.434
373.182
375.231
375.879
413.059
637.246
372.993
373.010
406.348
375.680
440.866
372.874
375.371
372.882
373.251
379.428
385.164
375.391
375.095
447.136
780.594
1213.257
433.196
376.397
591.325
373.218
695.190
375.250
376.981
375.412
375.372
373.170
391.751
703.703
375.566
374.287
376.049
386.814
374.663
373.873
376.097
373.162
537.618
791.327
375.463
474.591
375.536
390.601
375.882
683.782
376.554
373.453
372.725
373.513
374.254
449.113
374.507
375.267
372.728
750.285
374.171
499.170
429.015
376.257
373.977
649.170
379.148
509.187
372.398
372.284
376.316
552.847
374.290
374.701
376.017
372.427
378.411
373.513
376.231
415.756
372.610
375.999
373.016
375.607
376.021
372.570
376.071
382.211
477.085
373.401
375.992
425.941
376.321
913.282
374.764
372.940
373.939
624.773
375.622
379.110
1397.912
376.233
376.220
372.789
444.757
387.668
372.511
676.826
373.107
1561.838
372.080
373.506
375.130
372.064
372.000
371.909
375.411
373.987
758.651
374.626
373.797
372.081
375.251
373.061
375.624
375.284
374.997
383.207
392.676
373.779
666.238
375.448
371.900
374.352
371.880
385.328
373.788
376.315
373.055
372.132
371.927
378.942
372.008
375.570
372.533
1088.719
373.871
373.142
372.135
375.479
376.064
731.278
382.393
372.067
400.160
371.875
593.533
373.362
371.987
375.130
375.388
376.358
374.166
1418.392
371.996
374.906
419.954
375.057
372.108
376.213
1007.630
375.573
372.953
371.663
371.647
374.665
372.416
374.159
373.274
376.270
373.228
372.096
483.002
424.614
373.360
607.114
1420.794
847.865
517.736
371.810
374.620
372.429
373.759
373.507
390.855
374.641
446.526
372.524
423.622
371.828
374.834
375.871
372.268
374.793
1479.925
675.748
375.949
382.401
1083.394
372.679
375.784
372.346
566.939
411.509
372.822
371.803
375.707
433.509
374.730
389.049
445.211
459.247
374.149
394.670
372.016
494.525
376.276
374.225
375.200
374.047
374.913
395.221
372.251
374.628
372.417
372.349
371.788
373.897
856.557
374.989
375.335
372.508
374.825
371.884
371.610
394.962
692.296
371.556
375.599
371.297
376.374
371.637
371.270
409.496
371.563
690.499
373.803
372.416
375.974
374.120
375.115
371.152
1424.083
371.120
394.532
371.990
374.514
375.073
371.259
376.132
374.337
405.902
371.076
371.464
371.190
371.632
375.917
376.420
379.551
374.396
372.493
371.484
371.208
375.025
374.456
371.643
374.575
404.033
373.721
375.220
371.350
375.715
400.320
375.682
392.979
374.932
371.070
373.486
465.428
371.451
371.339
373.254
390.371
371.949
371.955
380.853
623.090
371.124
375.946
376.242
568.992
374.797
374.520
373.763
378.303
374.472
584.163
380.149
376.112
375.505
371.484
374.268
375.013
371.608
477.861
407.576
378.979
385.516
822.015
854.402
373.044
371.959
375.069
1140.833
372.832
372.000
373.158
375.101
371.015
373.049
374.590
372.943
372.525
780.414
376.111
1958.938
373.723
374.956
420.862
417.599
374.247
371.792
376.905
375.436
395.800
1008.374
372.146
374.063
1025.616
371.139
371.975
375.322
373.908
375.100
417.095
387.393
374.180
649.959
371.093
418.521
374.797
1025.261
377.185
1340.901
407.986
416.225
519.249
448.271
372.182
371.028
375.903
375.145
371.803
900.314
373.984
371.728
374.370
386.123
631.039
374.303
371.961
1341.620
386.007
376.218
371.075
673.613
375.859
375.583
371.017
375.125
375.811
372.199
372.842
371.282
429.640
374.915
384.721
375.699
434.366
388.566
501.910
391.024
533.175
374.995
812.960
375.391
479.781
492.738
373.220
509.628
372.563
372.429
372.862
443.562
670.384
373.638
1998.852
394.103
372.485
372.912
374.475
374.958
373.970
951.415
407.261
680.846
374.570
373.587
372.448
372.684
450.373
374.762
372.829
374.439
372.477
374.800
500.542
375.686
375.985
429.393
376.459
426.479
651.848
376.083
396.253
375.649
371.089
372.713
408.813
655.561
371.239
372.712
533.383
371.441
383.978
1230.767
461.311
373.743
446.423
403.308
373.208
370.960
374.781
375.735
376.002
372.418
370.961
376.393
370.979
407.455
371.220
466.201
375.516
378.022
375.458
524.376
371.019
375.076
634.410
374.465
371.361
371.945
456.666
466.707
379.223
375.719
374.056
374.065
372.893
373.671
373.195
382.692
402.149
575.739
371.510
375.345
375.820
372.705
376.385
757.097
375.696
373.199
372.558
374.655
371.408
470.830
552.842
373.227
375.276
394.769
848.745
375.619
371.138
1574.671
376.253
371.056
371.894
374.911
403.921
371.959
373.930
374.266
376.834
419.757
656.326
374.686
1737.320
373.920
371.613
382.877
1293.998
609.428
375.388
380.605
377.281
375.074
371.439
713.345
371.318
374.853
1056.865
372.742
383.637
371.275
954.842
372.762
590.397
375.626
449.468
374.533
1021.698
375.588
374.652
564.903
491.552
445.148
371.084
375.185
375.132
374.375
374.058
374.868
371.293
1687.410
378.502
374.491
371.897
374.739
374.997
417.330
375.555
375.484
805.199
371.843
374.789
371.028
375.218
374.037
370.998
422.393
392.353
371.021
1132.582
413.818
371.903
370.937
370.944
396.952
628.228
1918.212
370.764
374.933
403.009
377.070
644.154
494.473
372.119
756.358
428.808
373.456
445.388
611.579
373.061
2001.949
370.708
405.207
371.444
1244.089
374.076
876.765
375.177
708.079
420.365
532.556
375.373
374.456
863.891
376.220
375.704
370.906
370.807
374.728
370.728
642.877
1078.680
371.414
383.267
408.314
377.506
487.604
503.624
374.745
399.613
374.791
457.939
371.245
375.966
371.175
373.799
373.072
374.250
374.402
371.089
375.386
626.759
370.696
375.637
370.563

Error results for SA
---------------------------
393.395
391.768
385.602
384.478
377.903
376.502
376.501
376.502
376.504
376.504
376.504
376.500
376.645
376.535
376.532
376.533
376.652
376.880
400.033
376.898
376.900
376.570
376.561
376.562
376.558
376.555
376.501
376.501
376.547
376.547
376.500
376.500
376.501
376.500
376.500
376.500
376.500
376.500
376.500
376.500
376.500
376.500
376.500
376.500
376.500
376.500
376.500
376.500
376.500
376.500
376.500
376.500
376.500
376.500
376.500
376.500
376.500
376.500
376.500
376.500
376.500
376.500
376.500
376.500
376.500
376.500
376.500
376.500
376.500
376.500
376.500
376.500
376.500
376.500
376.500
376.500
376.500
376.500
376.500
376.500
376.500
376.500
376.500
376.500
376.500
376.500
376.500
376.500
376.500
376.500
376.500
376.500
376.500
376.500
376.500
376.500
376.500
376.500
376.500
376.500
376.500
376.500
376.500
376.500
376.500
376.500
376.500
376.500
376.500
376.500
376.500
376.500
376.500
376.500
376.500
376.500
376.500
376.500
376.500
376.500
376.500
376.500
376.500
376.500
376.500
376.500
376.500
376.500
376.500
376.500
376.500
376.500
376.500
376.500
376.500
376.500
376.500
376.500
376.500
376.500
376.500
376.500
376.500
376.500
376.500
376.500
376.500
376.500
376.500
376.500
376.500
376.500
376.500
376.500
376.500
376.500
376.500
376.500
376.500
376.500
376.500
376.500
376.500
376.500
376.500
376.500
376.500
376.506
376.501
376.500
376.506
376.500
376.500
376.500
376.503
376.502
376.599
376.599
376.627
376.678
378.775
405.500
393.271
493.292
470.861
462.966
561.262
454.694
390.208
388.654
396.311
413.873
491.226
513.424
524.795
416.523
414.244
388.020
387.930
389.191
391.010
438.325
427.370
421.033
417.198
415.590
434.848
425.352
426.449
405.631
444.064
440.454
445.718
436.271
430.469
420.748
417.477
433.781
436.926
442.254
543.142
689.000
596.359
851.727
844.786
892.096
957.562
1028.554
1018.516
1036.994
1089.650
1118.551
1366.080
1571.588
1474.912
2068.508
2240.331
2435.736
2797.750
3176.325
3142.241
3592.539
3517.225
4246.315
3726.103
3911.584
3769.929
3114.100
3051.705
3448.743
3548.952
3029.903
3441.902
3524.091
3512.230
3231.091
3049.475
3359.667
3970.563
4396.173
4554.506
3890.187
3646.327
3799.237
3672.045
3203.879
2965.730
3604.518
2861.021
2459.753
2239.927
1851.079
1495.189
1025.928
832.966
841.468
682.017
869.033
977.627
1033.791
1100.518
1232.461
932.153
778.511
988.800
1242.705
1020.991
936.181
934.183
934.938
991.822
1518.741
1390.420
1910.487
2385.394
2904.245
2905.838
2533.051
2203.585
1958.850
2230.458
1351.160
2139.963
1645.685
1563.513
2492.298
2790.529
1981.076
2418.254
1896.074
2431.151
3018.243
2433.900
1587.391
2434.776
3181.995
3710.595
4679.254
4020.682
3797.769
3867.741
3876.235
4303.777
4961.448
4814.179
4789.130
5080.532
5349.209
5765.959
5900.721
5553.539
5169.897
5858.321
6305.014
6446.249
6340.648
6406.952
6824.755
6702.413
6844.770
7067.712
7340.100
6504.171
6113.136
5696.554
5445.096
5172.096
5690.316
5107.870
4997.294
5198.861
5668.718
6169.505
5705.193
4721.489
4686.141
5157.145
5633.099
5156.945
4858.695
4931.210
5322.243
5939.944
6223.784
6681.535
6016.680
6018.793
5617.627
5699.544
5668.532
6116.545
5978.407
6047.647
6292.313
6109.617
5521.460
4700.890
5261.905
4939.741
4644.171
4960.303
4090.331
5073.652
5181.790
4972.946
5511.181
6417.555
6865.521
6552.914
5515.009
5953.670
5767.931
4789.078
4924.873
4236.384
4845.747
4680.725
4379.435
5632.888
5713.778
4599.637
5085.123
4922.428
5466.017
6122.129
5907.355
5963.990
6385.204
7344.898
7700.185
8200.969
8147.909
7185.581
6469.911
7022.440
6271.585
6654.954
7515.067
7993.555
8122.174
8060.873
7637.240
7858.242
8354.280
7179.868
7177.765
7514.736
7386.240
7274.598
6270.171
6697.980
7660.500
7470.203
7379.450
7755.302
7872.791
7337.147
8073.645
7989.732
7632.962
7834.482
7599.850
8240.418
8135.016
8262.156
8184.573
8537.322
8560.423
8546.269
8349.314
8699.097
8141.033
8675.616
8387.416
8571.889
8694.013
8733.442
8394.217
8913.880
8802.586
8889.555
9078.342
9001.861
9173.074
9191.854
9022.814
9019.525
8718.258
8592.353
8334.299
8295.529
7406.700
7147.412
6690.953
6885.633
6178.970
6565.676
6461.738
6032.986
6706.080
6830.178
6442.916
6985.916
7408.753
7527.123
7353.891
7618.527
7525.220
6972.841
7460.858
7625.430
7981.789
8494.709
8491.477
8491.947
8852.398
8817.723
8902.466
9162.529
9108.151
8866.260
8923.006
8800.114
9082.583
8824.103
8705.182
8549.797
8403.351
8057.122
8151.938
8001.755
7301.373
7412.182
7795.943
7974.552
7097.995
6235.310
5515.350
6046.956
5783.827
6372.732
5922.958
6046.840
5185.808
5580.243
5382.316
5466.628
4818.107
4932.172
5472.112
5114.834
6338.388
6751.121
6551.154
7254.001
7925.635
7843.229
7423.214
7242.448
7201.114
7495.215
7447.633
7586.671
7992.414
8261.722
8459.839
7697.448
7503.847
6991.768
7786.950
6803.464
6994.097
6948.719
6734.152
6699.979
6610.194
6240.364
5812.280
6235.817
6389.529
6556.194
6382.061
5788.300
4968.341
4610.381
4150.299
4295.634
3641.533
3374.070
3752.918
3193.924
2786.901
2340.662
2718.403
3639.856
3524.218
3911.698
4284.087
4670.498
4716.089
3711.071
3720.623
3122.244
2814.059
2824.852
2833.969
2921.596
3351.824
3279.208
2512.804
2855.005
3164.256
3228.616
2672.484
2641.697
2184.185
2562.723
2646.921
3296.840
3164.909
3661.176
4113.937
4359.925
4564.209
4590.367
4724.334
4173.914
4105.976
3979.087
3877.631
3875.839
4544.390
4333.611
4437.708
5375.082
4515.951
3751.497
4393.199
4554.826
4355.900
5146.316
5310.945
5608.290
5172.475
5304.110
4210.159
4910.094
4949.490
4795.544
4330.026
3658.809
3890.094
3453.505
4012.990
4199.587
5098.792
5394.556
4353.013
4503.523
5127.955
5013.085
5354.212
5965.982
6615.379
6464.403
6021.168
6155.120
6381.834
5892.487
5081.981
5131.643
5239.540
4546.073
5024.153
4343.025
3894.335
4112.907
4231.868
4267.254
4470.566
4088.993
4049.954
3380.465
3807.856
2926.484
3194.061
2973.974
2090.392
2155.586
1950.948
1586.315
1474.132
1491.146
1541.074
1314.050
1124.203
1027.913
1009.248
968.507
1035.119
994.799
1055.843
956.360
965.039
916.832
903.778
945.214
1051.217
884.731
1020.606
923.010
862.904
843.555
870.561
844.820
794.306
807.047
717.652
778.744
738.436
788.117
737.862
650.980
732.155
660.162
692.807
486.207
481.280
493.672
536.125
473.455
426.311
409.243
412.007
401.490
409.775
391.850
392.599
388.600
393.712
384.469
385.125
391.194
384.640
387.778
383.892
383.535
385.595
379.665
380.402
381.221
385.476
382.143
396.779
381.396
387.715
379.442
379.780
379.252
377.756
380.086
379.907
377.307
376.779
376.712
377.566
376.510
376.902
376.541
376.541
376.570
376.557
376.574
376.697
376.625
376.574
377.005
376.994
376.859
377.201
376.807
376.807
376.656
376.656
376.658
376.827
376.523
376.520
376.527
376.565
376.613
376.604
376.501
376.586
376.640
376.820
376.670
376.632
376.632
376.521
376.537
376.501
376.501
376.503
376.500
376.500
376.500
376.500
376.680
376.500
376.500
376.500
376.799
376.500
376.500
376.500
376.500
376.500
376.500
376.500
376.500
376.500
376.500
376.500
376.500
376.500
376.500
376.500
376.500
376.500
376.500
376.500
376.500
376.500
376.500
376.500
376.500
376.500
376.500
376.500
376.500
376.500
376.500
376.500
376.500
376.500
376.500
376.500
376.500
376.500
376.500
376.500
376.500
376.500
376.500
376.500
376.500
376.500
376.500
376.500
376.500
376.500
376.500
376.500
376.500
376.500
376.500
376.500
376.500
376.500
376.500
376.500
376.500
376.500
376.500
376.500
376.500
376.500
376.500
376.500
376.500
376.500
376.500
376.500
376.500
376.500
376.500
376.500
376.500
376.500
376.500
376.500
376.500
376.500
376.500
376.500
376.500
376.500
376.500
376.500
376.500
376.500
376.500
376.500
376.500
376.500
376.500
376.500
376.500
376.500
376.500
376.500
376.500
376.500
376.500
376.500
376.500
376.500
376.500
376.505
376.502
376.500
376.500
376.500
376.500
376.500
376.500
376.500
376.500
376.500
376.500
376.500
376.500
376.500
376.500
376.500
376.500
376.500
376.500
376.500
376.500
376.500
376.500
376.500
376.500
376.500
376.500
376.500
376.500
376.500
376.500
376.500
376.500
376.500
376.500
376.500
376.500
376.500
376.500
376.500
376.500
376.500
376.500
376.500
376.500
376.500
376.500
376.500
376.500
376.500
376.500
376.500
376.500
376.500
376.500
376.500
376.500
376.500
376.500
376.500
376.500
376.500
376.500
376.500
376.500
376.500
376.500
376.500
376.500
376.500
376.500
376.500
376.500
376.500
376.500
376.500
376.500
376.500
376.500
376.500
376.500
376.500
376.500
376.500
376.500
376.500
376.500
376.500
376.500
376.500
376.500
376.500
376.500
376.500
376.500
376.500
376.500
376.500
376.500
376.500
376.500
376.500
376.500
376.500
376.500
376.500
376.500
376.500
376.500
376.500
376.500
376.500
376.500
376.500
376.500
376.500
376.500
376.500
376.500
376.500
376.500
376.500
376.500
376.500
376.500
376.500
376.500
376.500
376.500
376.500
376.500
376.500
376.500
376.500
376.500
376.500
376.500
376.500
376.500
376.500
376.500
376.500
376.500
376.500
376.500
376.500
376.500
376.500
376.500
376.500
376.500
376.500
376.500
376.500
376.500
376.500
376.500
376.500
376.500
376.500
376.500
376.500
376.500
376.500
376.500
376.500
376.500
376.500
376.500
376.500
376.500
376.500
376.500
376.500
376.500
376.500
376.500
376.500
376.500
376.500
376.500
376.500
376.500
376.500
376.500
376.500
376.500
376.500
376.500
376.500
376.500
376.500
376.500
376.500
376.500
376.500
376.500
376.500
376.500
376.500
376.500
376.500
376.500
376.500
376.500
376.500
376.500
376.500
376.500
376.500
376.500
376.500
376.500
376.500
376.500
376.500
376.500
376.500
376.500
376.500
376.500
376.500
376.500
376.500
376.500
376.500
376.500
376.500
376.500
376.500
376.500
376.500
376.500
376.500
376.500
376.500
376.500
376.500
376.500
376.500
376.500
376.500
376.500
376.500
376.500
376.500
376.500
376.500
376.500
376.500
376.500
376.500
376.500
376.500
376.500
376.500
376.500
376.500
376.500
376.500
376.500
376.500
376.500
376.500
376.500
376.500
376.500
376.500
376.500
376.500
376.500
376.500
376.500
376.500
376.500
376.500
376.500
376.500
376.500
376.500
376.500
376.500
376.500
376.500
376.500
376.500
376.500
376.500
376.500
376.500
376.500
376.500
376.500
376.500
376.500
376.500
376.500
376.500
376.500
376.500
376.500
376.500
376.500
376.500
376.500
376.500
376.500
376.500
376.500
376.500
376.500
376.500
376.500
376.500
376.500
376.500
376.500
376.500
376.500
376.500
376.500
376.500
376.500
376.500
376.500
376.500
376.500
376.500
376.500
376.500
376.500
376.500
376.500
376.500
376.500
376.500
376.500
376.500
376.500
376.500
376.500
376.500
376.500
376.500
376.500
376.500
376.500
376.500
376.500
376.500
376.500
376.500
376.500
376.500
376.500
376.500
376.500
376.500
376.500
376.500
376.500
376.500
376.500
376.500
376.500
376.500
376.500
376.500
376.500
376.500
376.500
376.500
376.500
376.500
376.500
376.500
376.500
376.500
376.500
376.500
376.500
376.500
376.500
376.500
376.500
376.500
376.500
376.500
376.500
376.500
376.500
376.500
376.500
376.500
376.500
376.500
376.500
376.500
376.500
376.500
376.500
376.500
376.500
376.500
376.500
376.500
376.500
376.500
376.500
376.500
376.500
376.500
376.500
376.500
376.500
376.500
376.500
376.500
376.500
376.500
376.500
376.500
376.500
376.500
376.500
376.500
376.500
376.500
376.500
376.500
376.500
376.500
376.500
376.500
376.500
376.500
376.500
376.500
376.500
376.500
376.500
376.500
376.500
376.500
376.500
376.500
376.500
376.500
376.500
376.500
376.500
376.500
376.500
376.500
376.500
376.500
376.500
376.500
376.500
376.500
376.500
376.500
376.500
376.500
376.500
376.500
376.500
376.500
376.500
376.500
376.500
376.500
376.500
376.500
376.500
376.500
376.500
376.500
376.500
376.500
376.500
376.500
376.500
376.500
376.500
376.500
376.500
376.500
376.500
376.500
376.500
376.500
376.500
376.500
376.500
376.500
376.500
376.500
376.500
376.500
376.500
376.500
376.500
376.500
376.500
376.500
376.500
376.500
376.500
376.500
376.500
376.500
376.500
376.500
376.500
376.500
376.500
376.500
376.500
376.500
376.500
376.500
376.500
376.500
376.500
376.500
376.500
376.500
376.500
376.500
376.500
376.500
376.500
376.500
376.500
376.500
376.500
376.500
376.500
376.500
376.500
376.500
376.500
376.500
376.500
376.500
376.500
376.500
376.500
376.500
376.500
376.500
376.500
376.500
376.500
376.500
376.500
376.500
376.500
376.500
376.500
376.500
376.500
376.500
376.500
376.500
376.500
376.500
376.500
376.500
376.500
376.500
376.500
376.500
376.500
376.500
376.500
376.500
376.500
376.500
376.500
376.500
376.500
376.500
376.500
376.500
376.500
376.500
376.500
376.500
376.500
376.500
376.500
376.500
376.500
376.500
376.500
376.500
376.500
376.500

Error results for GA
---------------------------
1265.015
559.551
401.046
376.499
376.499
376.506
378.778
387.615
376.495
376.498
376.063
376.500
376.500
376.493
388.400
376.500
376.500
376.500
376.500
376.500
376.858
376.499
376.501
376.500
376.504
376.500
376.491
376.500
378.024
376.742
376.500
376.500
376.500
376.511
376.712
376.500
376.499
377.695
376.500
376.500
376.500
441.932
376.499
376.500
376.500
376.500
376.502
376.500
376.634
376.500
376.500
435.246
376.499
376.500
376.500
376.500
376.500
376.597
376.500
376.752
376.500
376.500
376.500
376.500
376.500
376.500
376.500
376.482
376.497
376.500
376.500
376.500
376.500
376.500
376.500
376.500
376.503
376.500
376.590
376.499
376.498
376.500
376.592
376.505
376.501
376.500
376.500
376.500
376.500
376.500
376.500
376.500
376.500
376.500
376.500
376.500
376.500
376.500
376.500
376.500
376.500
376.500
376.500
376.500
376.500
376.500
376.500
376.500
376.500
376.500
376.499
376.500
376.517
376.500
376.500
376.723
376.500
376.500
376.500
376.500
376.500
376.499
376.500
376.500
376.500
376.500
376.500
376.500
376.500
376.500
376.500
376.500
376.500
376.500
376.500
376.500
376.500
376.500
376.499
376.500
376.500
376.500
376.501
376.500
376.500
376.500
376.500
376.500
376.500
376.500
376.500
376.500
376.500
376.500
376.500
376.505
376.500
376.500
376.500
376.500
376.500
376.500
376.500
376.500
376.500
376.500
376.500
376.500
376.500
376.500
376.502
376.500
376.500
376.500
376.500
376.500
376.500
376.500
376.500
376.500
376.500
376.500
376.500
377.387
376.500
376.500
376.500
376.500
376.500
376.500
376.500
376.500
376.500
376.500
376.500
376.500
376.500
376.500
376.500
376.500
376.500
376.500
376.500
376.500
376.500
376.500
376.501
376.500
376.500
376.500
376.500
376.500
376.500
376.500
376.500
376.500
376.500
376.500
376.500
376.462
376.500
376.500
376.500
376.500
376.500
376.500
376.500
376.829
376.500
376.501
376.500
376.500
376.500
376.500
376.500
376.500
376.500
376.500
376.500
376.500
376.500
376.500
376.500
376.500
376.500
376.500
376.500
376.500
376.500
376.500
376.500
376.500
376.500
376.500
376.499
376.500
376.500
376.500
376.500
376.500
376.499
376.500
376.496
376.500
376.500
376.500
376.500
376.491
376.499
376.500
376.500
376.500
376.499
376.496
376.500
376.500
376.500
376.500
376.500
376.511
376.493
376.500
376.498
376.500
376.498
376.500
376.500
376.484
376.500
376.500
376.500
376.500
376.500
376.538
376.499
376.498
377.769
376.500
376.500
376.500
376.500
376.498
376.499
376.499
376.500
376.500
376.500
376.500
376.500
376.499
376.491
376.500
376.500
376.500
376.500
376.500
376.499
376.500
376.493
376.500
376.532
376.479
376.500
376.500
376.499
376.500
376.500
376.500
376.500
376.528
376.500
376.500
376.496
376.500
376.500
376.500
376.496
376.500
376.500
376.500
375.337
376.500
376.500
376.500
376.498
376.500
376.500
376.500
376.497
376.683
376.496
376.499
376.500
376.583
376.500
376.494
376.499
377.942
378.492
376.499
376.500
377.980
376.500
376.492
376.500
376.500
376.500
376.491
376.500
376.500
376.500
376.500
376.489
376.791
376.500
376.500
376.499
376.500
376.500
376.500
376.500
376.500
376.500
376.500
376.563
390.677
376.500
376.500
379.014
376.499
376.500
376.500
376.500
376.500
376.500
376.500
376.494
376.498
376.616
376.498
377.833
376.495
416.693
376.500
376.500
376.500
376.500
376.497
376.500
376.541
376.496
376.499
376.501
376.500
376.500
376.500
376.500
376.500
376.491
376.500
376.502
376.492
376.500
376.500
376.713
376.500
433.279
376.493
376.500
376.500
377.885
376.499
376.500
376.501
376.500
426.050
376.499
376.500
376.500
376.544
389.377
376.500
376.500
376.779
376.500
376.533
376.500
376.500
376.494
376.498
376.500
376.500
376.500
376.491
376.498
376.500
376.500
376.500
376.500
376.500
376.500
376.500
377.043
376.500
376.500
376.486
376.500
376.605
376.500
376.895
376.500
376.499
376.499
376.554
376.501
376.500
376.498
394.087
376.500
376.500
376.498
377.605
376.500
377.141
376.500
376.499
376.500
376.500
376.523
376.500
376.500
376.569
376.500
376.512
376.500
376.493
376.496
376.501
376.498
376.500
376.500
376.739
376.785
376.499
376.500
376.500
376.500
376.500
376.500
376.499
376.500
401.419
376.500
376.500
376.498
376.500
376.500
376.500
376.500
376.500
376.500
376.551
376.500
376.500
376.500
376.500
376.516
376.500
376.500
376.500
376.500
376.500
376.500
376.500
376.500
376.500
376.500
376.500
376.500
376.500
376.500
376.495
376.500
376.495
376.500
376.500
376.500
378.639
376.500
376.500
376.498
376.500
376.500
376.500
376.500
376.500
376.500
376.499
376.500
376.500
376.500
376.500
376.500
376.500
376.500
376.500
376.500
376.500
376.500
376.500
376.500
376.498
376.500
376.500
376.554
376.500
376.500
376.500
376.498
376.500
376.500
376.500
376.500
376.500
376.500
376.500
376.500
376.500
376.500
376.500
376.500
376.498
376.500
376.500
376.500
376.500
376.500
376.500
376.500
376.500
376.500
376.500
376.500
376.500
376.500
376.500
376.500
376.500
376.500
376.500
376.500
376.500
376.500
376.500
376.500
376.500
376.500
376.500
376.500
376.500
376.500
376.500
376.500
376.499
376.500
376.500
376.500
376.500
376.500
376.500
376.500
376.500
376.500
376.500
376.500
376.500
376.500
376.500
376.500
376.500
376.500
376.500
376.500
376.500
376.500
376.500
376.500
376.500
376.500
376.500
376.500
376.500
376.500
376.500
376.500
376.500
376.500
376.500
376.500
376.500
376.500
376.500
376.500
376.500
376.500
376.500
376.500
376.500
376.500
376.500
376.487
376.500
376.500
376.500
376.500
376.500
376.500
376.500
376.500
376.500
376.500
376.500
380.019
376.500
376.500
376.500
376.500
376.500
393.941
376.500
376.501
376.664
376.509
376.501
376.500
376.500
376.500
376.499
376.500
376.500
376.500
376.500
376.493
376.500
376.500
376.500
376.500
376.500
376.500
376.500
376.500
376.500
376.494
376.500
376.500
376.500
376.495
376.500
376.471
376.500
376.500
376.488
376.500
376.500
376.500
480.853
376.500
376.500
376.497
376.500
376.500
376.500
376.500
376.500
376.500
376.500
376.500
376.500
376.498
376.500
376.499
376.500
376.500
376.680
376.499
376.716
376.499
376.500
376.500
376.500
376.498
376.500
376.496
376.500
376.489
381.425
376.500
376.500
376.500
376.500
376.500
376.501
376.500
376.500
376.500
376.500
376.500
376.500
376.500
376.499
376.500
376.500
376.500
377.337
376.500
376.519
376.500
376.500
376.500
376.500
376.500
376.500
376.500
376.497
376.500
376.500
376.500
376.500
376.500
376.500
376.500
376.500
376.500
376.497
376.500
376.500
376.500
376.500
376.490
376.500
376.500
376.500
376.500
376.500
376.500
376.500
376.516
376.499
376.500
376.500
376.500
376.500
376.500
376.500
376.500
376.500
376.500
376.500
376.500
376.500
376.560
376.500
376.608
376.500
376.500
376.500
376.500
376.500
376.500
376.500
376.500
376.500
376.500
376.500
376.500
376.499
376.500
376.626
376.500
376.502
376.500
376.500
376.500
376.500
376.500
385.891
376.500
376.500
376.500
376.500
376.500
376.500
376.500
376.500
422.349
376.500
376.500
397.283
376.500
376.500
376.500
376.500
376.500
376.500
376.521
376.500
376.507
376.500
376.500
376.503
376.500
376.500
376.500
376.500
376.505
376.500
377.992
376.500
376.500
376.500
377.767
376.500
376.500
376.778
382.063
376.500
376.500
376.500
376.500
376.500
376.500
376.501
376.500
376.500
376.500
378.783
376.500
376.500
376.500
376.500
376.500
376.500
378.581
376.500
376.500
376.500
376.500
376.500
376.500
376.500
376.500
376.500
376.500
376.500
376.500
376.500
376.500
376.500
376.500
376.500
376.500
376.500
376.500
376.500
376.500
376.500
376.500
376.500
376.500
376.500
376.500
376.500
376.500
376.500
376.500
376.500
376.500
376.500
376.500
376.500
376.656
376.500
376.500
376.500
376.500
376.500
376.501
376.500
376.500
376.500
376.500
376.500
376.500
376.500
376.500
376.500
376.500
376.500
376.500
376.500
376.500
376.500
376.500
376.500
376.500
376.500
376.500
376.500
376.500
376.500
376.500
376.500
376.504
376.500
376.500
376.500
376.500
376.500
376.500
376.500
376.500
376.500
376.500
376.500
376.500
376.500
376.500
376.500
376.500
376.500
376.500
376.500
376.500
376.500
376.500
376.500
376.500
376.500
376.500
376.500
376.500
376.500
376.500
376.500
376.500
376.500
376.500
376.500
376.500
376.500
376.500
376.500
376.500
376.500
376.500
376.500
376.500
376.500
376.500
376.500
376.500
376.500
376.500
376.500
376.500
376.500
376.500
376.500
376.500
376.500
376.500
376.500
376.500
376.500
376.500
376.500
376.499
376.500
376.500
376.500
376.500
376.500
376.500
376.500
376.500
376.500
376.500
376.500
376.500
376.500
376.500
376.500
376.500
376.500
376.500
376.519
376.500
376.500
376.500
376.500
376.500
376.500
376.500
376.500
376.500
376.500
376.500
376.500
376.500
376.500
376.500
376.500
376.500
376.500
376.500
376.500
376.500
376.500
376.500
376.500
376.500
376.500
376.500
376.500
376.500
376.501
376.500
376.500
376.500
376.500
376.500
376.500
376.500
376.500
376.500
376.500
376.500
376.500
376.500
376.500
376.500
376.500
376.500
376.500
376.500
376.500
376.500
376.500
376.500
379.025
376.500
376.500
376.500
376.500
376.500
376.500
376.500
376.500
376.500
376.500
376.500
376.500
376.500
376.500
376.500
376.500
376.500
376.500
376.500
376.500
376.500
376.500
376.500
376.500
376.500
376.500
376.500
376.500
376.500
376.553
376.500
376.500
376.500
376.500
376.500
376.500
376.500
376.500
376.500
376.500
376.500
376.500
376.500
376.500
376.500
376.502
376.500
376.500
376.500
376.500
376.500
376.500
376.500
376.500
376.500
376.500
376.500
376.500
376.500
376.500
376.500
376.500
376.500
376.500
376.740
376.500
376.500
376.500
376.500
376.500
376.500
376.500
376.500
377.307
379.841
376.500
376.500
376.500
376.500
376.500
376.500
376.500
376.500
376.500
376.500
376.973
376.500
376.500
376.500
376.500
376.500
376.500
376.500
376.500
376.500
376.500
376.500
376.500
376.500
376.500
376.500
376.500
376.500
376.500
396.007
376.500
376.500
376.500
376.500
376.500
376.500
376.500
376.500
376.500
376.500
376.500
376.500
376.500
376.757
376.500
376.500
376.500
376.500
376.500
376.500
376.500
376.500
376.500
376.500
376.500
376.500
376.500
376.500
376.500
376.500
376.500
376.500
376.500
376.500
376.500
376.500
376.500
376.500
376.500
376.500
376.500
376.500
376.500
376.500
390.580
376.500
376.500
376.500
376.500
376.500
376.500
376.500
376.500
380.000
376.500
376.500
376.500
376.500
376.500
376.500
376.500
376.500
376.500
376.500
376.500
376.503
376.500
376.500
376.500
376.500
376.500
376.500
376.500
376.500
376.500
376.500
376.500
376.500
376.500
376.500
376.500
376.500
376.500
376.500
376.500
376.500
376.500
376.500
376.500
376.500
376.500
376.500
376.500
376.500
376.500
376.500
376.500
376.500
376.500
377.681
376.500
376.500
376.500
376.500
376.500
376.500
376.500
376.500
376.500
376.500
376.500
376.500
376.500
376.500
376.500
376.500
376.500
376.500
376.500
376.500
376.500
376.500
376.500
376.500
376.500
376.500
376.500
376.500
376.500
376.500
376.500
376.500
376.500
376.500
376.500
376.500
376.500
376.500
376.500
376.500
376.500
376.500
376.500
376.500
376.500
376.500
376.500
376.500
376.500
376.500
376.500
376.500
376.500
376.500
376.500
376.500
376.500
376.500
376.500
376.500
376.500
376.500
376.500
376.500
376.500
376.500
376.500
376.500
376.500
376.500
376.500
376.500
376.500
376.500
376.500
376.500
376.500
376.500
376.500
376.500
376.500
376.500
376.500
376.500
376.500
376.500
376.500
376.500
376.500
376.500
376.500
376.500
376.500
376.500
376.500
376.500
376.500
376.500
376.500
376.500
376.500
376.500
376.500
376.500
376.500
376.500
376.500
376.500
376.500
376.500
376.500
376.500
376.500
376.500
376.500
376.500
376.500
376.500
376.500
376.500
376.500
376.500
376.500
376.500
376.500
376.500
376.500
376.500
376.500
376.500
376.500
376.500
376.500
376.500
376.500
376.500
376.500
376.500
376.500
376.500
376.500
376.500
376.500
376.500
376.500
376.500
376.500
376.500
376.500
376.500
376.500
376.500
376.500
376.500
376.500
376.500
376.500
376.500
376.500
376.500
376.500
376.500
376.500
376.500
376.500
376.500
376.500
376.500
376.500
376.500
376.500
376.500
376.500
376.500
376.500
376.500
376.500
376.500
376.500
376.500
376.500
376.500
376.500
376.500
376.500

Results for RHC: 
Correctly classified 19247.0 instances.
Incorrectly classified 753.0 instances.
Percent correctly classified: 96.235%
Training time: 108.439 seconds
Testing time: 0.081 seconds

Results for SA: 
Correctly classified 19247.0 instances.
Incorrectly classified 753.0 instances.
Percent correctly classified: 96.235%
Training time: 131.393 seconds
Testing time: 0.128 seconds

Results for GA: 
Correctly classified 19247.0 instances.
Incorrectly classified 753.0 instances.
Percent correctly classified: 96.235%
Training time: 1293.766 seconds
Testing time: 0.105 seconds

inputLayer=16, hiddenLayer=16, outputLayer=1, trainingIterations=1500
