
Error results for RHC
---------------------------
5201.215
4264.337
5700.878
2530.323
2763.906
2284.748
3042.515
2014.346
1087.678
1078.858
907.515
899.120
1269.288
972.614
1988.169
1566.674
593.904
544.043
604.884
480.047
562.131
409.790
414.327
406.799
463.664
405.339
730.218
589.219
426.725
393.730
388.907
387.822
442.212
385.146
539.227
376.702
386.452
376.841
376.501
376.501
376.522
376.501
376.505
376.500
376.500
377.386
376.500
376.500
376.500
376.500
376.500
376.500
376.500
376.500
376.500
376.500
376.500
376.500
376.502
376.500
376.500
376.500
376.500
376.500
376.500
376.500
376.500
376.500
376.500
376.500
376.500
376.500
376.500
376.500
376.500
376.500
376.500
376.500
376.500
376.500
376.500
376.500
376.500
376.500
376.507
376.500
376.500
376.500
376.500
376.501
376.507
376.500
376.500
376.500
376.513
376.500
376.500
376.500
376.500
376.500
376.500
376.500
376.500
376.511
376.500
376.500
376.500
376.500
376.500
376.500
376.500
376.500
376.500
376.500
376.518
376.500
376.501
376.500
376.500
376.499
376.519
376.507
376.500
376.517
376.500
376.497
377.281
376.499
376.511
376.514
376.497
376.500
376.461
376.476
376.497
383.277
376.455
377.065
376.449
376.449
376.484
383.957
376.496
376.480
376.448
424.284
379.298
376.488
376.468
376.493
376.522
376.487
376.715
379.127
376.576
377.166
376.447
376.628
376.455
376.483
376.494
376.459
376.445
379.849
376.483
376.523
376.441
376.498
376.458
376.451
389.535
376.683
376.470
376.480
387.446
376.443
432.631
376.497
376.409
376.328
376.360
380.449
435.204
376.365
376.481
376.392
391.767
386.790
376.486
393.624
437.773
376.841
376.255
417.834
376.475
376.426
376.326
376.854
376.129
436.802
616.179
376.254
443.321
376.248
376.197
396.637
376.126
415.512
398.321
376.380
376.216
595.816
376.130
376.000
467.318
382.106
376.450
375.949
671.135
375.893
375.906
389.106
385.473
375.896
397.966
376.095
376.330
376.492
377.432
378.903
375.877
375.874
375.938
406.919
474.438
376.504
375.964
376.061
376.374
376.236
376.135
376.475
390.812
376.236
375.882
461.130
376.367
375.897
376.316
394.917
376.324
413.229
375.820
500.929
376.405
376.259
375.819
376.397
376.233
375.891
396.745
384.270
376.312
392.261
375.981
375.891
375.980
376.064
397.394
375.819
405.660
375.819
375.944
387.046
375.711
397.377
376.123
375.430
375.436
376.313
417.798
375.333
375.987
375.271
375.222
376.470
375.259
376.232
376.082
375.222
375.264
489.687
376.406
377.689
376.250
375.435
395.707
375.745
375.456
376.332
376.078
375.142
375.182
375.551
376.402
376.112
375.128
377.708
375.348
375.909
396.261
375.737
375.508
375.706
375.813
385.384
375.655
375.471
524.782
375.141
415.790
375.194
378.215
375.345
407.451
375.169
427.805
379.175
380.193
376.537
376.305
379.743
375.171
375.150
376.036
376.257
675.553
376.266
375.460
439.832
458.903
375.211
380.044
376.465
375.697
376.624
376.431
376.409
462.267
405.316
376.169
375.183
375.357
375.247
417.636
376.166
375.657
376.473
399.534
375.779
376.138
375.148
376.407
376.046
375.212
375.647
422.887
399.021
376.305
386.351
375.401
392.739
448.287
376.322
395.657
375.557
375.157
385.097
375.969
381.078
375.155
376.433
376.753
375.346
375.499
376.404
380.842
376.171
390.671
400.550
461.230
376.262
380.590
495.426
376.244
375.160
376.319
375.106
375.996
376.366
375.110
375.877
375.914
375.692
376.383
553.209
375.305
375.751
376.083
376.405
375.450
507.531
391.506
375.130
376.354
376.288
375.234
376.119
375.183
375.690
375.789
375.948
375.882
376.200
376.447
375.057
375.067
374.975
380.350
382.014
376.375
375.046
375.206
443.104
375.010
376.238
376.468
375.805
379.300
376.191
375.460
413.433
375.416
376.306
376.300
396.056
392.878
375.427
374.997
375.022
589.817
376.396
374.887
391.568
386.258
374.997
374.881
388.491
375.201
375.118
374.956
375.048
375.168
374.914
378.756
376.798
378.089
376.056
374.886
375.183
449.366
464.926
378.348
376.196
448.104
375.098
375.575
376.371
375.054
376.022
518.717
380.886
432.220
375.450
444.561
376.413
375.002
378.728
376.281
376.846
396.154
375.349
375.290
379.014
375.019
375.501
375.734
376.359
381.538
375.880
375.992
380.416
376.080
374.959
376.449
436.124
374.890
375.922
376.078
465.381
420.822
375.318
375.582
376.293
377.983
376.183
376.023
382.923
395.573
375.188
375.675
376.202
470.290
376.258
375.095
375.608
381.235
393.616
379.766
376.129
483.174
376.039
378.877
441.850
376.296
375.777
388.357
376.469
376.883
375.728
375.186
538.677
375.069
399.742
376.177
481.496
453.286
376.316
380.536
375.368
376.378
574.120
375.397
451.655
375.083
376.053
438.936
376.182
401.744
376.305
438.059
375.796
377.612
375.747
374.948
375.902
376.238
375.153
374.881
388.747
375.949
375.817
374.880
376.478
483.758
375.709
375.486
478.813
375.795
404.957
375.556
389.169
419.061
376.337
386.912
516.738
376.388
375.210
375.746
376.550
376.314
403.191
375.370
375.891
376.188
376.007
374.923
375.874
374.888
512.963
375.105
374.958
381.169
405.031
376.171
376.352
376.410
374.906
380.867
376.242
388.129
375.067
376.097
375.807
375.428
390.848
381.892
374.881
374.881
376.268
375.361
440.530
374.884
428.657
376.167
427.476
376.475
375.749
374.894
374.885
561.473
376.323
376.415
377.654
375.496
374.898
375.108
389.730
375.660
375.324
374.880
375.143
424.775
379.047
376.415
374.936
390.362
376.334
375.483
376.302
403.873
495.855
374.960
376.098
376.378
376.208
453.461
405.351
374.878
375.440
375.193
382.218
374.926
374.947
374.880
409.198
475.143
376.260
375.001
375.572
376.500
376.011
374.908
375.551
444.519
484.914
375.789
376.058
376.079
374.890
376.408
384.617
375.246
402.166
375.956
514.345
375.849
376.342
383.357
377.276
375.137
620.897
375.913
376.115
376.011
414.311
379.787
375.064
375.590
377.113
377.395
374.920
376.128
395.208
439.804
376.383
376.290
407.711
375.301
375.190
391.528
375.762
404.062
376.257
374.881
376.451
375.903
375.181
375.498
376.060
376.226
375.066
375.308
376.141
391.467
379.178
375.921
374.962
375.673
495.718
375.106
374.866
375.895
375.571
442.810
374.916
375.428
376.559
374.814
377.709
375.195
447.788
469.628
374.860
375.392
398.964
430.023
375.997
417.318
375.760
375.045
375.813
376.478
377.636
375.854
632.179
374.947
375.778
518.375
374.846
376.242
418.922
375.582
376.172
391.911
375.624
376.173
390.162
375.695
374.842
375.726
374.873
374.816
490.629
375.727
374.919
376.318
412.575
375.224
474.400
375.335
376.352
500.295
374.831
376.375
375.930
375.646
542.361
375.076
475.174
375.334
375.158
375.767
375.054
378.086
375.153
390.649
375.889
376.368
374.821
374.955
611.436
378.103
375.807
376.996
376.217
408.335
425.862
374.828
375.348
375.673
375.114
508.789
385.882
374.887
416.826
374.843
376.110
374.909
419.327
375.002
542.195
375.383
375.695
376.258
441.000
422.981
376.175
376.228
375.138
375.173
459.867
376.076
408.410
376.065
375.908
376.094
375.018
375.715
375.736
506.396
374.823
375.654
375.336
376.027
375.328
374.943
381.198
374.777
376.427
734.853
376.382
376.101
376.233
375.839
408.966
374.991
375.825
380.004
374.840
374.805
375.564
376.192
375.128
431.522
374.828
423.562
375.180
375.276
375.443
374.981
374.815
376.326
374.743
425.634
397.909
374.750
375.541
375.039
376.893
456.792
375.954
376.080
374.838
376.049
375.712
375.626
402.958
376.259
525.197
375.760
379.025
396.218
383.725
375.962
374.936
507.767
375.104
375.638
376.365
376.382
540.179
374.977
376.177
375.838
374.760
375.991
376.366
376.204
493.795
375.998
573.999
375.132
394.088
375.933
391.666
374.816
374.779
390.732
488.923
375.339
405.581
374.906
375.143
376.407
374.782
376.309
376.325
374.746
393.687
376.457
378.180
440.281
376.421
376.411
374.771
375.926
374.751
504.479
374.838
456.934
375.522
376.019
375.266
376.272
387.591
571.456
386.258
400.369
374.778
376.450
375.153
374.748
374.791
376.168
376.350
374.942
375.802
381.540
375.265
381.308
374.737
375.107
376.008
375.362
578.712
374.764
450.993
436.411
383.902
376.431
375.120
374.890
444.483
374.662
374.934
376.322
444.516
375.496
437.964
391.162
376.318
374.653
374.946
464.330
413.391
375.445
374.754
376.145
439.687
378.678
384.124
375.344
374.652
374.831
375.202
375.754
398.942
712.739
388.424

Error results for SA
---------------------------
3416.412
6025.369
4313.992
5405.461
4508.524
2475.470
2985.144
2822.667
2542.012
1660.821
548.115
471.651
543.638
487.587
518.919
509.102
566.018
540.550
420.146
404.973
389.699
480.058
992.437
789.154
1371.235
1543.945
2180.944
1816.047
1084.192
3760.325
1787.415
1211.422
850.344
828.210
1529.927
646.723
1844.827
2704.267
2964.231
1246.101
685.376
550.288
411.288
427.259
605.782
438.153
467.154
512.347
655.054
430.945
419.667
415.142
389.778
465.951
566.911
402.393
389.078
388.823
376.506
376.500
376.502
376.549
380.985
376.646
378.617
377.077
384.531
516.923
431.344
415.979
384.508
431.104
409.125
392.876
690.660
985.230
3026.677
4313.451
8381.665
5927.750
6994.616
6579.979
5036.698
4439.238
3318.781
1887.110
1261.772
1269.583
931.609
703.358
520.578
459.276
1003.731
868.548
1156.156
991.746
883.770
978.608
1134.089
478.005
419.527
418.644
419.510
391.056
391.115
386.492
387.040
386.340
376.588
384.258
520.030
476.443
405.305
423.880
418.508
404.677
591.428
530.079
478.534
431.883
396.622
401.252
404.480
444.543
456.833
398.923
408.338
541.515
542.617
562.570
1124.640
1069.049
821.177
906.655
969.653
1422.980
1384.911
1853.360
1633.666
2095.176
1667.655
2132.197
2776.367
3143.185
3083.976
4143.816
3058.808
5424.117
3580.929
2657.787
2742.063
3456.226
4333.153
6015.680
6543.261
5718.243
5420.918
4372.086
4593.765
5432.247
6088.047
5576.223
7485.087
8098.563
8797.236
8696.181
9056.591
9117.372
9261.575
9477.939
9516.667
9402.083
9218.490
8920.026
8514.956
8111.078
7416.544
6504.215
5214.772
5728.633
6051.652
5883.402
6091.737
6564.111
6409.591
6348.399
6195.489
7332.492
7579.292
6864.538
6380.804
7401.145
6544.254
6616.481
6973.682
7477.451
7342.477
7081.696
7028.999
6023.285
6500.164
7364.267
6142.468
5214.683
5724.461
6038.232
5021.307
5236.688
6165.986
6807.530
5146.260
5471.779
4791.000
6020.020
7094.832
7768.251
7498.310
6167.205
4130.988
5221.247
5416.805
5303.968
5980.466
5863.526
5735.393
5521.595
4318.387
5484.004
6312.892
6937.803
7487.562
7507.997
6295.799
5067.254
5478.196
5485.936
4705.099
4372.127
4322.569
3650.934
2977.913
3160.408
1884.382
1704.857
2096.517
2839.666
3813.249
4780.155
5447.384
5073.489
5520.656
4522.636
4561.800
3963.725
4973.433
4728.051
4818.490
6205.265
5267.082
4752.365
3814.298
2514.895
2861.323
3260.295
3956.455
3330.228
4410.688
4852.129
5661.298
7130.767
7836.788
8064.847
7784.283
7665.447
8515.351
8057.337
7640.533
8749.096
8305.209
8460.885
8921.743
8864.385
8832.228
9105.469
9040.981
8746.507
8615.623
7826.559
7100.517
6546.714
7436.003
7726.943
6690.079
6415.924
7986.441
8343.942
8170.725
7849.139
7975.430
6445.054
5198.381
4589.484
4327.427
5487.630
6353.897
6831.728
6578.540
4685.702
5067.446
3325.416
3162.102
3356.543
2543.720
2391.631
2544.271
3934.274
4562.455
3216.156
2610.421
3309.528
3410.769
2955.947
3345.839
2862.358
2621.924
2976.602
2542.523
2644.885
3349.427
4135.719
4794.944
4518.774
5869.263
5551.899
6220.710
6259.155
7679.300
8262.061
7711.929
7976.389
8289.272
8443.439
8792.134
8912.552
8194.969
7495.483
6813.745
6524.504
7886.365
8564.045
8485.734
8111.636
8140.155
8318.954
8640.925
8663.711
8393.053
7748.618
8101.752
8162.439
7430.502
8035.932
8026.413
6810.280
7351.376
6124.903
5678.749
5352.563
4412.153
4334.417
4849.077
5672.244
7281.753
6088.036
4948.754
5230.150
3642.921
4601.763
4955.994
6108.678
6521.973
6935.150
6533.330
6839.600
7297.633
6470.198
5246.794
4344.292
5077.167
4641.871
4715.985
4243.016
3366.250
3251.393
3609.859
4832.572
4213.355
4641.761
5078.625
6057.931
6819.856
6538.027
6571.960
6356.448
6546.595
6878.021
6806.755
6996.370
7505.670
7989.490
8266.871
8243.639
8084.529
8211.157
7758.738
8625.718
8108.206
8126.041
7852.537
8701.814
9149.194
8943.952
8644.681
7589.331
6965.117
7029.968
6916.049
6695.946
6223.138
5497.562
4743.619
5688.803
6075.369
6421.944
6453.507
6246.920
7558.059
7757.899
7633.435
6608.447
5562.505
5442.034
4750.553
6162.553
5233.383
5432.420
5660.697
6199.136
7090.433
6963.426
6144.872
6996.347
7998.000
8350.227
7901.779
7952.913
8686.661
9085.419
9021.677
9229.941
9316.083
9391.695
9508.309
9533.147
9584.039
9600.800
9611.204
9606.228
9608.705
9620.275
9620.365
9619.755
9621.206
9622.201
9622.201
9622.624
9622.866
9623.012
9622.989
9622.768
9622.462
9621.394
9620.728
9618.379
9618.909
9620.250
9621.941
9622.860
9622.980
9623.250
9623.391
9623.464
9623.417
9623.383
9623.451
9623.454
9623.454
9623.488
9623.410
9623.494
9623.494
9623.494
9623.499
9623.500
9623.500
9623.500
9623.500
9623.500
9623.500
9623.500
9623.500
9623.500
9623.500
9623.500
9623.500
9623.500
9623.500
9623.500
9623.500
9623.500
9623.500
9623.500
9623.499
9623.499
9623.500
9623.499
9623.499
9623.500
9623.500
9623.500
9623.500
9623.500
9623.500
9623.500
9623.500
9623.500
9623.500
9623.500
9623.500
9623.500
9623.500
9623.500
9623.500
9623.500
9623.500
9623.500
9623.500
9623.500
9623.500
9623.500
9623.500
9623.500
9623.500
9623.500
9623.500
9623.500
9623.500
9623.500
9623.500
9623.500
9623.500
9623.500
9623.500
9623.500
9623.500
9623.500
9623.500
9623.500
9623.499
9623.500
9623.499
9623.496
9623.499
9623.499
9623.499
9623.499
9623.498
9623.498
9623.500
9623.497
9623.500
9623.500
9623.500
9623.500
9623.500
9623.500
9623.500
9623.500
9623.500
9623.500
9623.499
9623.500
9623.500
9623.500
9623.499
9623.500
9623.500
9623.500
9623.500
9623.500
9623.500
9623.500
9623.500
9623.500
9623.500
9623.500
9623.500
9623.500
9623.500
9623.500
9623.500
9623.500
9623.500
9623.500
9623.500
9623.500
9623.500
9623.500
9623.500
9623.500
9623.500
9623.500
9623.500
9623.499
9623.499
9623.452
9623.428
9623.498
9623.496
9623.496
9623.478
9623.499
9623.496
9623.462
9623.485
9623.467
9623.467
9623.175
9623.175
9622.657
9622.567
9622.486
9622.488
9622.156
9618.336
9618.847
9615.791
9621.848
9622.129
9618.458
9611.234
9619.501
9621.045
9613.701
9621.966
9621.857
9621.899
9621.448
9622.137
9622.694
9622.799
9622.800
9623.010
9623.327
9623.406
9623.476
9622.802
9623.233
9623.349
9623.492
9623.478
9623.403
9623.432
9623.257
9623.167
9623.410
9623.483
9623.494
9623.473
9623.465
9623.461
9623.495
9623.496
9623.500
9623.499
9623.500
9623.500
9623.500
9623.499
9623.499
9623.499
9623.500
9623.500
9623.500
9623.500
9623.500
9623.500
9623.500
9623.500
9623.500
9623.500
9623.500
9623.500
9623.500
9623.500
9623.500
9623.500
9623.500
9623.500
9623.500
9623.500
9623.500
9623.500
9623.500
9623.500
9623.500
9623.500
9623.500
9623.500
9623.500
9623.500
9623.500
9623.500
9623.500
9623.500
9623.500
9623.500
9623.500
9623.500
9623.500
9623.500
9623.500
9623.500
9623.500
9623.500
9623.500
9623.500
9623.500
9623.500
9623.500
9623.500
9623.500
9623.500
9623.500
9623.500
9623.500
9623.500
9623.500
9623.500
9623.500
9623.500
9623.500
9623.500
9623.500
9623.500
9623.500
9623.500
9623.500
9623.500
9623.500
9623.500
9623.500
9623.500
9623.500
9623.500
9623.500
9623.500
9623.500
9623.500
9623.500
9623.500
9623.500
9623.500
9623.500
9623.500
9623.500
9623.500
9623.500
9623.500
9623.500
9623.500
9623.500
9623.500
9623.500
9623.500
9623.500
9623.500
9623.500
9623.500
9623.500
9623.500
9623.500
9623.500
9623.500
9623.500
9623.500
9623.500
9623.500
9623.500
9623.500
9623.500
9623.500
9623.500
9623.500
9623.500
9623.500
9623.500
9623.500
9623.500
9623.500
9623.500
9623.500
9623.500
9623.500
9623.500
9623.500
9623.500
9623.500
9623.500
9623.500
9623.500
9623.500
9623.500
9623.500
9623.500
9623.500
9623.500
9623.500
9623.500
9623.500
9623.500
9623.500
9623.500
9623.500
9623.500
9623.500
9623.500
9623.500
9623.500
9623.500
9623.500
9623.500
9623.500
9623.500
9623.500
9623.500
9623.500
9623.500
9623.500
9623.500
9623.500
9623.500
9623.500
9623.500
9623.500
9623.500
9623.500
9623.500
9623.500
9623.500
9623.500
9623.500
9623.500
9623.500
9623.500
9623.500
9623.500
9623.500
9623.500
9623.500
9623.500
9623.500
9623.500
9623.500
9623.500
9623.500
9623.500
9623.500
9623.500
9623.500
9623.500
9623.500
9623.500
9623.500
9623.500
9623.500
9623.500
9623.500
9623.500
9623.500
9623.500
9623.500
9623.500
9623.500
9623.500
9623.500
9623.500
9623.500
9623.500
9623.500
9623.500
9623.500
9623.500
9623.500
9623.500
9623.500
9623.500
9623.500
9623.500
9623.500
9623.500
9623.500
9623.500
9623.500
9623.500
9623.500
9623.500
9623.500
9623.500
9623.500
9623.500
9623.500
9623.500
9623.500
9623.500
9623.500
9623.500
9623.500
9623.500
9623.500
9623.500
9623.500
9623.500
9623.500
9623.500
9623.500
9623.500
9623.500
9623.500
9623.500
9623.500
9623.500
9623.500
9623.500
9623.500
9623.500
9623.500
9623.500
9623.500
9623.500
9623.500
9623.500
9623.500
9623.500
9623.500
9623.500
9623.500
9623.500
9623.500
9623.500
9623.500
9623.500
9623.500
9623.500
9623.500
9623.500
9623.500
9623.500
9623.500
9623.500
9623.500
9623.500
9623.500
9623.500
9623.500
9623.500
9623.500
9623.500
9623.500
9623.500
9623.500
9623.500
9623.500
9623.500
9623.500
9623.500
9623.500
9623.500
9623.500
9623.500
9623.500
9623.500
9623.500
9623.500
9623.500
9623.500
9623.500
9623.500
9623.500
9623.500

Error results for GA
---------------------------
3417.907
2607.938
376.497
392.921
378.910
983.241
454.948
824.514
377.034
376.500
376.500
376.427
376.500
376.500
376.500
376.557
376.608
376.505
376.500
376.500
376.494
377.713
376.491
376.447
376.500
376.498
376.500
378.049
376.500
376.500
376.500
397.456
376.890
376.457
376.500
376.500
376.502
376.500
377.280
376.500
376.500
376.500
376.500
376.500
377.016
376.499
376.499
376.500
376.500
376.500
376.499
376.500
473.606
376.500
376.500
376.505
376.493
376.500
376.500
376.500
376.981
376.500
376.497
376.500
376.500
376.500
376.500
376.501
376.500
376.500
376.500
376.500
376.500
376.500
376.513
376.499
377.390
378.890
376.544
376.500
376.500
376.500
376.513
379.329
376.500
376.500
376.537
376.504
376.531
376.500
376.500
376.500
376.502
376.500
376.499
376.501
376.500
376.505
376.500
376.495
376.501
418.316
376.505
376.786
376.500
376.501
376.719
376.502
376.500
378.929
376.500
376.500
376.500
376.500
376.500
376.500
376.500
376.500
378.957
376.500
377.443
376.500
376.500
376.500
376.500
376.500
393.695
376.521
376.499
376.503
376.500
376.508
376.501
376.550
376.500
376.500
376.501
376.500
376.500
376.500
376.500
376.500
376.500
378.464
376.609
376.500
377.546
376.500
379.252
376.500
376.519
376.728
380.388
376.500
376.500
376.752
376.862
376.545
376.501
378.625
376.500
376.500
376.500
376.500
376.500
376.500
376.500
380.968
376.500
376.500
419.145
376.500
376.520
376.500
376.639
376.500
376.500
376.500
376.501
376.500
376.500
376.500
376.503
376.500
376.500
376.500
376.692
376.500
376.500
376.508
376.500
376.501
376.500
376.500
376.500
377.290
376.976
376.500
376.500
376.500
376.500
376.500
376.501
376.500
376.500
376.501
376.500
376.500
376.500
376.500
376.500
376.500
376.500
376.581
376.500
376.500
376.500
376.502
376.500
376.500
376.500
376.500
376.500
376.500
376.500
376.500
376.500
376.500
376.500
376.551
376.500
376.500
376.500
376.500
376.500
376.500
376.500
376.500
376.500
376.500
376.500
376.500
376.501
376.500
376.500
376.500
376.500
376.500
376.500
376.500
376.500
376.500
376.500
376.500
376.500
376.500
376.500
376.500
376.500
376.500
376.500
376.500
376.500
376.500
376.500
376.500
376.500
376.500
376.500
376.500
376.500
376.500
376.500
376.500
376.505
376.500
376.500
376.500
376.500
376.500
376.500
376.500
376.500
376.500
376.500
376.500
376.500
376.500
376.500
376.500
376.500
376.500
376.500
376.500
376.500
376.500
376.500
376.500
376.500
376.500
376.500
376.532
376.500
376.500
376.500
376.500
376.500
376.500
376.500
376.500
376.500
376.500
376.500
376.500
376.500
376.500
376.500
376.500
376.500
376.500
376.500
376.500
376.500
376.500
376.500
376.500
376.500
376.500
376.500
376.500
376.500
376.500
376.500
376.500
376.500
376.500
376.500
376.500
376.500
376.500
376.500
376.500
376.500
376.500
376.500
376.500
376.500
376.500
376.500
376.500
376.500
376.500
376.500
376.500
376.500
376.500
376.500
376.500
376.500
376.500
376.500
376.500
376.500
376.500
376.500
376.500
376.500
376.500
376.500
376.500
376.500
376.500
376.500
376.500
376.500
376.500
376.500
376.500
376.500
376.500
376.500
376.500
376.500
376.500
376.500
376.500
376.500
376.500
376.500
376.500
376.501
376.500
376.500
376.500
376.500
376.500
376.500
376.500
376.500
376.500
376.500
376.500
376.500
376.500
376.500
376.500
376.500
376.500
376.500
376.500
376.500
376.500
376.500
376.500
376.500
376.500
376.500
376.500
376.500
376.500
376.500
376.500
376.500
376.500
376.500
376.500
376.500
376.500
376.500
376.500
376.500
376.500
376.500
376.500
376.500
376.500
376.500
376.500
376.500
376.500
376.500
376.500
376.500
376.500
376.500
376.500
376.500
376.500
376.500
376.500
376.500
376.500
376.500
376.500
376.500
376.500
376.500
376.500
376.500
376.500
376.500
376.500
376.500
376.500
376.500
376.500
376.500
376.500
376.500
376.500
376.500
376.500
376.500
376.500
376.500
376.500
376.500
376.501
376.500
376.500
376.500
376.500
376.500
376.500
376.500
376.500
376.500
376.500
376.500
376.500
376.500
376.500
376.500
376.500
376.500
376.500
376.500
376.500
376.500
376.500
376.500
376.500
376.500
376.500
376.500
376.500
376.500
376.500
376.500
376.500
376.500
376.500
376.500
376.500
376.500
376.501
376.500
376.500
376.500
376.500
376.500
376.500
376.500
376.500
376.500
376.500
376.500
376.500
376.500
376.500
376.500
376.500
376.500
376.500
376.500
376.500
376.500
376.500
376.500
376.500
376.500
376.500
376.500
376.500
376.500
376.500
376.500
376.500
376.500
376.500
376.500
376.500
376.500
376.500
376.500
376.500
376.500
376.500
376.500
376.500
376.500
376.500
376.500
376.500
376.500
376.500
376.500
376.500
376.500
376.500
376.500
376.500
376.500
376.500
376.500
376.500
376.500
376.500
376.500
376.500
376.500
376.500
376.500
376.500
376.500
376.500
376.500
376.500
376.500
376.500
376.500
376.500
376.501
376.500
378.337
376.500
376.500
376.500
376.500
376.500
376.500
376.500
376.517
376.500
376.500
376.500
376.500
376.500
376.500
376.500
376.500
376.500
376.500
376.500
376.500
376.500
376.500
376.500
376.500
376.500
376.500
376.500
376.500
376.500
376.500
376.500
376.500
376.500
376.500
376.501
376.500
376.500
376.500
376.500
376.500
376.500
376.500
376.500
376.500
376.500
376.500
376.500
376.500
376.500
376.500
376.500
376.500
376.500
376.500
376.500
376.500
376.500
376.500
376.500
376.500
376.500
376.500
376.500
376.500
376.500
376.500
376.500
376.500
376.500
376.500
376.500
376.500
376.500
408.021
376.500
376.500
376.500
376.500
376.500
376.500
376.500
376.500
376.500
377.031
376.500
376.500
376.500
376.500
376.500
376.500
376.500
376.500
376.500
376.500
376.500
376.500
376.500
376.500
376.500
376.500
376.500
376.500
376.500
376.500
376.502
376.500
376.646
376.500
376.500
376.500
376.500
376.500
376.500
376.500
376.500
376.500
376.607
376.500
376.500
376.500
376.500
376.500
376.500
376.500
376.539
376.500
376.500
376.501
376.500
376.649
376.500
376.500
376.500
376.501
376.500
376.500
376.647
376.500
376.515
376.500
376.501
376.501
376.500
376.503
376.500
376.500
376.500
376.500
376.500
376.500
376.500
376.500
376.500
377.202
376.500
376.500
376.500
376.500
376.500
376.500
376.500
376.500
376.500
376.500
376.500
376.500
376.500
376.510
376.500
376.500
376.500
376.500
376.500
376.500
376.961
376.500
376.500
376.500
376.500
376.500
376.501
376.500
376.500
376.500
376.500
376.500
376.500
376.500
376.500
376.500
376.500
376.500
376.500
376.574
376.500
376.500
376.500
376.500
376.931
376.511
376.500
376.500
376.500
376.500
376.500
376.500
376.500
376.500
376.500
376.500
376.500
376.500
376.500
376.500
376.500
376.500
376.502
376.500
376.500
376.500
376.500
376.500
376.500
376.500
376.500
376.500
376.500
376.500
376.500
376.500
376.500
376.500
376.500
376.500
376.500
376.500
376.500
376.500
376.500
376.500
376.500
376.500
376.500
376.500
376.500
376.500
376.500
376.500
376.500
376.500
376.500
376.500
376.500
376.500
376.500
376.500
376.500
376.500
376.500
376.500
376.500
376.500
376.500
376.535
376.500
376.500
376.500
376.500
376.500
376.500
376.500
376.500
376.500
376.500
376.500
376.500
376.500
376.500
376.500
376.500
376.500
376.500
376.500
376.500
376.500
376.500
376.500
376.500
376.500
376.500
376.500
376.500
376.500
376.500
376.509
376.500
376.500
376.500
376.500
376.500
376.500
376.500
376.500
376.501
376.500
376.500
376.500
376.500
376.500
376.500
376.500
376.500
380.448
376.500
376.826
376.500
376.500
376.500
376.500
376.500
376.500
376.500
377.717
376.500
376.500
376.500
376.500
376.500
376.500
376.500
376.501
376.500
376.500
376.500
376.500
376.500
376.500
376.500
376.524
376.500
376.500
376.500
376.500
376.500
376.500
376.500
376.500
376.500
376.500
376.500
376.500
376.500
376.500
376.500
376.500
376.500
376.500
376.500
376.500
376.500
376.500
376.500
376.500
376.500
376.500
376.500
376.500
376.500
376.500
376.500
376.500
376.500
376.500
376.500
376.500
376.500
376.500
376.500
381.954
376.500
376.500
376.500
376.500
376.500
376.500
376.500
376.500
376.500
376.500
376.500
376.500
376.500
376.502
376.500
376.500
376.500
376.500
376.501
376.500
376.664
376.500
376.500
376.500
376.500
376.501

Results for RHC: 
Correctly classified 19245.0 instances.
Incorrectly classified 755.0 instances.
Percent correctly classified: 96.225%
Training time: 69.909 seconds
Testing time: 0.091 seconds

Results for SA: 
Correctly classified 753.0 instances.
Incorrectly classified 19247.0 instances.
Percent correctly classified: 3.765%
Training time: 39.934 seconds
Testing time: 0.052 seconds

Results for GA: 
Correctly classified 19247.0 instances.
Incorrectly classified 753.0 instances.
Percent correctly classified: 96.235%
Training time: 655.117 seconds
Testing time: 0.129 seconds

inputLayer=16, hiddenLayer=16, outputLayer=1, trainingIterations=1000
