
Error results for RHC
---------------------------
5230.496
3497.028
1353.299
872.535
951.230
390.530
394.751
387.969
439.284
739.201
378.852
392.218
378.743
378.725
429.076
378.797
376.837
376.832
376.774
403.931
376.632
407.836
377.276
376.631
376.735
435.443
376.611
376.584
389.052
376.526
377.993
390.681
376.555
376.516
376.693
376.530
376.504
376.502
376.622
376.500
376.500
376.500
376.500
376.500
376.500
376.500
376.500
376.500
376.500
376.500
376.500
376.500
376.500
376.500
376.500
376.500
376.500
376.500
376.500
376.500
376.500
376.500
376.500
376.500
376.500
376.500
376.501
376.500
376.500
376.500
376.500
376.500
376.500
376.500
376.500
376.500
376.500
376.500
376.500
376.500
376.500
376.500
376.500
376.500
376.500
376.500
376.605
376.500
376.809
376.507
376.500
376.500
376.500
376.500
376.501
376.500
376.645
376.501
376.610
377.273
376.500
376.500
376.515
376.500
376.500
376.500
376.500
376.606
376.528
376.500
376.500
376.500
376.500
376.500
376.503
376.880
376.517
376.500
376.500
376.500
376.516
376.502
376.500
378.276
376.500
376.500
376.500
376.501
376.501
376.500
376.500
376.500
376.503
376.500
376.500
376.500
376.500
376.502
376.500
376.500
376.500
376.875
376.500
376.500
376.500
376.502
376.570
376.500
376.500
376.500
376.500
376.500
376.500
376.502
376.501
376.500
376.500
376.512
376.501
376.500
376.500
376.500
376.626
376.698
376.500
376.576
376.500
376.500
376.763
376.500
376.500
376.500
376.500
376.500
376.509
376.500
376.500
376.500
376.502
376.500
376.500
376.500
376.500
376.500
376.500
376.500
376.498
376.496
376.496
376.499
376.496
376.497
376.505
376.499
376.499
376.495
376.497
376.499
376.499
376.579
376.551
376.499
376.498
376.497
376.649
376.497
379.615
377.286
376.499
376.495
376.644
376.495
376.495
376.496
376.499
378.387
376.498
376.981
376.495
378.419
376.519
376.546
376.494
376.497
376.500
376.506
376.500
376.494
376.499
376.494
376.498
376.495
376.493
376.498
376.499
376.497
376.499
376.499
376.495
376.500
376.583
377.098
376.495
376.497
376.497
376.671
376.495
376.493
376.513
376.495
376.496
376.496
376.493
376.499
376.604
376.606
377.117
376.495
383.823
376.792
376.498
376.490
376.489
376.496
376.965
376.492
377.336
376.582
376.494
376.490
376.496
376.489
379.370
376.595
376.494
376.488
378.311
376.497
376.566
376.741
376.495
378.281
376.500
376.629
377.424
376.490
380.778
376.499
376.474
376.497
378.020
376.722
377.004
381.212
376.491
376.512
377.008
376.495
376.493
376.720
376.483
376.469
377.619
376.489
376.486
376.533
376.473
376.497
376.472
376.472
376.508
376.491
376.488
413.301
376.711
376.477
378.462
376.498
376.485
376.477
377.096
376.495
377.810
376.466
376.421
396.695
376.447
376.421
378.496
376.683
376.419
392.650
477.737
376.436
376.468
377.353
403.732
376.433
376.400
376.456
376.408
376.479
376.440
377.180
376.412
376.397
376.448
397.683
376.511
376.493
380.310
379.202
376.449
376.494
376.433
376.461
376.535
376.391
376.476
377.096
381.325
376.389
376.399
376.486
387.982
376.386
376.482
377.309
376.470
376.447
518.877
376.445
377.044
376.380
376.461
380.053
376.447
376.386
376.485
376.474
376.375
376.515
411.193
376.611
376.458
376.458
382.034
376.474
395.575
376.473
387.814
376.481
376.399
382.703
376.426
376.497
376.407
376.482
376.481
376.412
379.657
376.459
376.471
376.388
376.434
386.358
376.377
376.378
376.476
376.465
376.418
474.260
376.397
376.356
376.490
377.102
376.786
380.204
376.790
406.809
376.300
376.439
376.140
376.200
376.358
376.477
376.433
421.241
376.322
376.347
376.047
376.203
375.820
376.087
448.668
376.122
388.829
375.410
375.383
375.138
374.988
376.029
389.691
375.045
375.079
375.548
376.179
375.485
375.897
482.138
375.511
376.396
380.116
375.295
600.416
375.868
375.265
376.448
380.135
375.665
485.007
401.490
376.154
438.215
511.203
380.910
376.432
375.063
375.867
376.398
376.000
375.187
374.696
374.930
374.732
394.568
396.781
374.956
468.123
374.708
383.597
375.647
376.062
375.018
376.733
546.833
376.335
375.208
375.775
375.495
374.877
377.504
375.629
520.204
374.659
374.635
374.518
375.393
376.000
376.006

Error results for SA
---------------------------
7567.231
6636.249
5154.369
3411.102
979.856
659.590
872.681
939.854
1480.899
765.532
3794.687
1598.191
2367.419
911.966
2070.235
3075.096
3482.609
2088.673
2138.039
1680.779
669.595
657.390
955.821
717.982
480.804
471.332
493.423
647.463
2051.422
3485.029
2334.159
1127.742
2180.109
1833.428
1034.392
1647.634
941.133
1278.095
1718.015
1797.509
1466.799
887.161
756.872
891.985
983.718
946.905
864.624
1801.576
2916.082
3531.316
2026.533
1455.672
2191.215
2397.496
1796.304
2834.572
1591.120
1282.528
1442.586
1558.368
1422.768
2145.106
2621.489
3131.201
1170.620
1613.425
1262.174
3565.192
3821.105
1554.485
706.735
846.338
1116.543
3071.251
1177.013
1231.542
913.310
753.080
754.327
1961.543
1796.513
2224.537
2238.319
1089.373
871.812
928.101
684.241
652.472
834.553
736.627
700.640
1237.291
906.491
743.654
487.047
448.279
476.036
511.539
551.616
470.507
609.853
881.433
1376.591
2610.067
3430.997
2657.383
3174.820
3855.075
3836.020
4990.279
4568.223
4853.779
5912.889
7131.904
8011.393
8364.365
8755.778
8614.642
8575.205
8272.282
7426.903
8057.765
6817.903
7348.374
7242.426
7784.406
7640.128
7695.845
6567.733
6057.780
6838.040
6589.050
6762.494
6625.203
6682.810
6255.926
5471.384
4823.594
4450.247
3313.505
2238.928
2538.633
3835.135
3428.750
4603.750
5512.694
5367.818
5503.988
6211.952
6114.024
6076.950
6289.426
6308.882
6803.704
5292.282
5389.799
4530.830
5056.652
6036.412
5473.134
5923.981
5654.943
5159.007
4981.570
4467.854
4856.389
5712.957
5393.857
6036.494
5547.002
7071.968
7121.926
6440.145
6525.221
6871.507
6762.858
7602.116
7994.700
6968.781
7533.751
7115.374
7855.804
7128.224
7769.314
7024.299
7310.236
7876.865
7970.876
8473.340
7549.413
7316.588
6949.102
7164.489
7120.055
7559.381
7288.203
7253.337
7832.804
7604.831
7996.962
7639.926
7698.967
7757.045
7828.744
8097.214
8510.589
8605.040
8667.767
8654.073
8704.646
8882.848
8897.351
8849.705
9103.257
8986.019
8982.784
8965.995
8792.611
8805.437
8961.143
8763.036
8812.204
8666.650
8791.540
8605.196
8887.366
8724.743
8784.549
8699.646
8758.892
8792.371
8877.922
8869.337
8905.709
8615.225
8592.258
8907.369
8744.636
8333.828
8606.154
8576.498
8635.013
8812.391
8609.687
8723.687
8746.805
8303.319
8360.026
7878.825
8050.805
8174.271
8049.075
7939.337
8073.499
7669.739
7758.632
8157.555
8208.631
8193.153
8173.092
8181.589
8250.882
8397.538
8348.099
8371.819
8452.884
8420.209
8411.975
8292.220
8221.266
8336.626
8175.068
8239.455
8388.008
7884.886
7362.917
7239.958
7382.838
7338.797
7077.906
7502.123
7505.870
7689.554
7639.448
7746.368
7804.321
7926.347
8340.183
8075.248
7659.970
7629.131
8195.199
7847.135
7963.439
7927.171
8093.036
8342.162
8272.967
8293.098
8324.688
8278.227
8097.508
8046.810
7557.208
7671.067
7130.015
6613.880
6581.485
6918.916
6958.313
6817.570
6526.954
6748.963
6767.887
6601.472
6178.743
6181.584
6141.097
5520.592
5259.032
4863.650
4572.691
4496.699
4122.892
3742.226
3320.318
3580.636
3769.399
3866.648
4216.972
4834.677
4833.209
4553.946
5208.844
5367.894
5440.775
5545.901
5574.194
5690.172
5620.487
5430.736
5125.313
4841.200
5029.018
5606.474
5758.736
6113.010
5884.974
5666.134
5142.293
5095.770
5207.210
5325.425
5084.332
5615.131
5195.988
5551.232
5650.560
5605.037
5448.212
5707.450
6027.775
5882.338
5989.065
5822.214
5491.170
5577.247
5519.956
5567.620
5494.158
5429.319
5279.843
5440.923
5378.469
5369.973
5338.187
5783.422
5977.266
5933.374
5985.508
6424.271
6501.463
6714.288
6309.453
6298.677
6269.358
6530.127
6620.277
6634.763
7145.487
7198.560
7228.240
7291.442
7466.538
7410.868
7387.617
7267.891
7078.659
7113.864
6688.170
6436.708
6251.208
6668.061
6828.241
6738.857
6436.675
6355.504
6416.247
6187.556
6277.253
6327.138
6311.807
6254.524
6133.584
5871.369
5724.131
6265.785
6226.244
6480.601
6528.125
6097.005
6352.060
5683.367
5191.451
5200.090
5667.056
5437.312
5221.604
5604.848
5768.521
6040.363
5931.225
6009.595
5448.315
5466.054
5666.329
5410.100
4815.679
4934.174
5663.812
5532.098
5816.768
5421.273
5704.948
6036.830
5568.085
5627.223
6184.419
5899.360
5558.949
5346.415
5019.786
5166.526
5475.816
5605.439
5335.985
5791.290
6210.201
6054.740
5951.303
5753.342
5665.596
5998.492
5787.460
5599.708
5455.454
5284.894
5329.894
5107.080
4827.491
4790.814
4520.911
4056.025
4114.648
4278.454
3697.778
3431.234
3324.917
3735.368
4080.859
4242.030
4610.091
5120.978
5016.998
5108.043
5298.436
5538.847
5202.652
4843.073
4986.281
4546.425
4253.030
4700.227
4766.695
4469.572
4354.101
4094.205
4034.287
4255.067
3677.868

Error results for GA
---------------------------
832.071
376.454
376.499
378.179
376.500
1251.337
376.503
376.499
409.223
376.503
376.478
376.730
376.516
376.500
376.487
401.544
376.500
396.224
376.500
376.499
376.501
376.500
376.506
376.489
376.497
376.529
376.519
376.500
376.499
388.229
896.656
378.173
376.628
377.720
376.524
392.647
376.501
376.500
376.458
376.784
376.500
376.472
376.504
376.500
376.578
574.248
376.520
376.500
376.495
377.626
376.500
376.500
376.500
376.500
376.500
376.500
376.500
377.106
382.337
376.500
376.500
376.502
376.500
376.500
384.878
376.500
376.500
376.496
376.500
376.500
376.500
376.518
376.502
376.500
376.500
376.500
376.505
376.491
376.500
376.500
376.500
376.500
376.500
376.500
376.500
376.500
376.500
376.500
376.500
376.500
376.500
376.500
376.500
376.500
376.500
376.500
376.500
376.500
376.500
376.500
376.500
377.112
376.501
376.500
376.500
376.500
376.500
376.501
376.508
376.500
376.500
376.500
376.500
376.512
376.500
376.500
376.599
376.500
376.533
376.500
376.500
376.500
376.498
376.500
376.500
376.500
376.500
376.500
376.500
376.500
376.500
376.500
376.500
376.500
376.507
376.521
376.500
376.500
376.537
378.532
376.500
376.937
376.500
376.500
376.500
376.500
376.500
376.500
376.499
376.541
376.500
376.499
376.503
376.500
376.578
376.500
376.500
376.500
378.679
376.500
376.502
376.630
376.518
377.706
376.419
376.500
376.500
376.513
376.500
376.500
376.680
376.502
376.499
376.505
376.507
376.497
376.499
376.554
376.500
376.538
376.519
376.495
376.506
376.518
376.495
376.502
376.500
377.290
376.500
376.500
376.500
376.500
376.500
376.546
376.500
376.639
376.500
376.500
376.501
376.500
376.500
376.502
376.500
376.500
376.500
376.500
376.610
376.500
376.500
376.506
376.500
376.500
376.500
376.500
376.500
376.500
376.500
376.500
376.500
376.500
376.506
376.501
376.505
376.499
376.500
463.289
376.500
376.500
376.500
376.500
376.500
376.500
376.525
376.500
376.500
376.500
376.500
376.499
376.503
376.570
382.139
376.501
376.500
376.504
376.500
376.753
377.722
376.500
376.500
376.537
376.751
376.518
376.208
376.500
376.499
376.507
376.500
376.509
376.509
376.494
376.499
376.501
376.500
376.502
376.555
376.504
376.519
376.500
376.500
376.500
376.501
376.570
376.500
376.908
376.500
376.502
376.499
376.500
376.501
376.547
376.679
376.644
376.501
376.500
376.501
376.524
376.500
376.705
376.478
376.501
376.500
379.528
376.588
377.612
386.584
376.548
376.529
376.503
376.501
376.501
376.501
376.500
376.633
376.789
376.500
376.499
376.500
376.498
376.500
376.504
376.503
376.503
376.511
376.500
376.500
376.500
376.502
376.545
376.503
376.747
376.499
376.500
376.505
376.500
376.516
376.518
376.500
376.499
376.500
376.500
376.494
376.500
376.500
376.543
376.593
385.384
386.780
376.500
376.500
376.500
376.981
376.500
376.500
376.500
376.500
376.591
376.500
376.500
376.501
376.935
376.500
376.500
376.500
376.500
376.500
376.500
376.504
376.500
376.500
376.500
376.501
376.505
376.502
376.500
376.500
376.500
376.500
376.576
376.508
376.500
376.500
376.500
377.273
376.500
380.707
376.500
376.502
376.500
376.500
376.570
387.417
376.500
376.500
376.500
376.500
376.500
376.500
376.500
376.500
376.500
376.500
376.520
376.500
376.500
376.500
376.500
376.500
376.510
376.500
376.500
376.500
376.500
376.500
376.500
376.529
376.501
376.500
376.596
376.500
376.500
376.500
376.500
377.146
376.500
376.500
376.834
376.500
376.500
376.500
376.501
376.500
376.500
376.500
376.932
376.500
376.500
376.500
376.500
376.501
376.500
376.500
376.500
376.500
376.500
376.500
376.500
376.500
376.500
376.500
376.500
376.501
377.105
376.501
376.500
376.526
376.500
376.500
376.500
376.500
376.500
376.501
376.534
376.500
376.500
376.500
376.500
376.500
376.500
376.501
376.772
376.544
376.500
384.243
376.535
376.500
376.500
376.502
376.500
376.500
376.500
376.879
376.502
376.501
377.775
376.500
388.721
376.500
380.314
376.500
387.874
376.500
376.582
376.500
376.500
376.500
376.601
376.500
377.729
376.501
376.500
376.500
376.500
376.629
376.500
376.500
376.500
376.501
376.500
376.500
382.154

Results for RHC: 
Correctly classified 19247.0 instances.
Incorrectly classified 753.0 instances.
Percent correctly classified: 96.235%
Training time: 42.645 seconds
Testing time: 0.092 seconds

Results for SA: 
Correctly classified 12285.0 instances.
Incorrectly classified 7715.0 instances.
Percent correctly classified: 61.425%
Training time: 26.825 seconds
Testing time: 0.076 seconds

Results for GA: 
Correctly classified 19247.0 instances.
Incorrectly classified 753.0 instances.
Percent correctly classified: 96.235%
Training time: 292.680 seconds
Testing time: 0.095 seconds

inputLayer=16, hiddenLayer=16, outputLayer=1, trainingIterations=500
