
Error results for RHC
---------------------------
7053.798
7177.418
7639.085
7053.837
7057.730
6424.191
6533.399
6455.330
6424.508
6425.621
6438.857
6423.824
6422.832
6794.211
6384.582
6347.374
6120.530
6120.810
6115.852
6115.976
6093.555
6094.458
6075.664
6072.928
6091.684
6072.271
6072.271
6072.158
6038.756
6039.890
6038.576
5936.366
5664.621
5664.619
5642.301
5378.093
5378.093
5668.782
5536.408
4783.447
4772.861
4772.861
4772.861
4781.174
4772.435
4772.446
4769.543
4998.850
4771.574
4831.531
4781.907
4582.459
4571.423
4570.312
4570.122
4569.732
4569.732
4635.213
4572.311
4573.298
4563.684
4624.287
4563.684
4517.058
4815.464
4509.939
4509.939
4825.885
4500.805
4500.886
4528.091
4676.301
4417.653
4439.145
4417.653
4417.653
4420.925
4413.881
3521.016
3520.967
3505.952
3555.158
3511.573
3521.885
3525.589
3509.557
3749.990
3556.648
3509.094
3495.956
3495.956
3530.695
3379.623
2415.269
2415.618
2337.519
2337.250
2386.912
2362.695
3076.401

Error results for SA
---------------------------
2603.829
2603.829
2603.822
2603.822
2604.071
2244.956
2410.303
2226.003
2212.482
2212.482
2216.692
2022.369
1878.244
1911.966
1926.800
2168.060
2184.654
2218.360
2218.360
2222.717
2243.690
2248.540
2252.135
2253.731
2197.743
2217.262
2042.799
2035.432
2297.906
2280.702
2326.336
2333.606
2368.744
2690.538
3169.709
2618.938
2619.300
2617.497
2617.497
2618.197
2676.235
2684.131
2581.036
3097.112
2929.192
2800.976
2800.976
2800.975
2802.205
2841.471
2661.629
2654.047
2675.608
2863.373
2839.692
2839.077
2839.082
2776.420
2701.114
2307.508
2307.508
2307.506
2307.504
2295.664
2295.664
2307.133
2307.133
2307.393
2307.393
2330.403
2352.391
2248.121
2248.121
2243.965
2364.459
2401.405
2400.896
2356.952
2139.345
2151.742
2151.611
2151.606
2050.679
2043.766
2043.766
2038.697
2038.697
2043.019
1390.680
1450.312
1576.487
1576.118
1570.042
1475.917
1459.283
1516.107
1508.229
1561.709
1560.171
1522.531

Error results for GA
---------------------------
3151.169
6009.019
1542.872
572.418
623.637
795.841
1318.469
1365.875
1569.594
3168.440
1090.401
418.816
2369.948
368.982
394.657
428.117
381.538
2137.691
367.897
365.627
386.014
402.661
406.590
367.174
368.248
369.656
365.601
365.455
369.378
368.170
462.220
366.071
367.629
364.989
368.015
376.377
416.122
370.529
370.903
363.913
366.165
371.745
902.071
365.976
384.728
368.100
370.394
369.292
653.730
388.822
371.112
368.496
369.773
367.868
371.405
361.714
368.177
386.897
372.558
366.460
369.132
369.422
371.587
371.608
372.181
371.380
378.554
365.133
370.442
356.019
372.871
369.967
365.967
366.088
366.556
367.218
374.391
359.528
368.044
369.677
365.792
373.992
382.073
368.914
369.712
369.211
366.572
372.525
366.188
370.986
370.646
370.199
371.683
368.234
369.566
373.376
370.817
370.342
369.924
363.260

Results for RHC: 
Correctly classified 12154.0 instances.
Incorrectly classified 7846.0 instances.
Percent correctly classified: 60.770%
Training time: 10.401 seconds
Testing time: 0.092 seconds

Results for SA: 
Correctly classified 17451.0 instances.
Incorrectly classified 2549.0 instances.
Percent correctly classified: 87.255%
Training time: 10.514 seconds
Testing time: 0.091 seconds

Results for GA: 
Correctly classified 19247.0 instances.
Incorrectly classified 753.0 instances.
Percent correctly classified: 96.235%
Training time: 373.256 seconds
Testing time: 0.093 seconds

inputLayer=16, hiddenLayer=16, outputLayer=1, trainingIterations=100
