
Error results for RHC
---------------------------
1002.066
1002.098
1003.433
1002.207
1008.080
1006.275
1102.391
1053.334
1034.343
1000.867
1001.628
977.025
984.172
975.513
975.506
975.506
975.839
971.862
997.212
940.949
940.939
941.004
940.939
944.526
948.513
909.741
897.415
897.279
929.050
894.346
895.475
896.298
883.535
884.127
894.769
1133.676
905.313
1012.002
879.464
879.470
905.916
762.082
762.083
947.945
630.378
630.378
628.416
626.950
626.948
627.184
626.942
629.885
644.864
623.957
623.957
502.312
502.291
480.037
465.208
470.820
465.208
465.224
465.207
465.821
467.729
465.207
465.138
461.031
477.595
448.394
413.907
413.907
414.222
414.262
413.907
413.890
415.987
413.835
416.098
408.465
406.629
407.556
406.629
408.839
406.646
406.629
403.097
403.097
404.239
403.097
408.675
402.753
402.753
402.736
402.736
405.100
402.714
402.714
402.165
402.165
402.165
459.858
408.527
413.932
379.459
379.459
380.651
379.459
390.090
380.337
379.459
379.459
379.459
379.459
379.459
382.691
371.822
371.822
371.822
375.140
372.109
372.792
372.053
371.822
371.822
371.822
372.924
371.968
370.510
370.050
370.052
378.945
370.050
370.050
370.050
373.236
368.480
368.365
368.365
366.337
366.337
366.338
364.569
364.569
364.569
364.385
364.229
364.229
364.338
364.229
364.890
364.229
364.228
366.935
363.794
364.556
363.794
363.795
363.794
363.702
363.199
363.199
363.216
363.016
363.175
363.095
362.940
362.940
362.435
362.435
362.927
365.788
362.435
362.434
362.434
365.222
362.434
362.434
362.435
361.317
361.317
361.895
361.317
361.234
365.524
361.234
362.423
361.760
361.234
361.234
361.234
362.264
361.234
361.234
361.358
361.234
362.170
360.902
360.902
360.902
360.902
361.042
360.902
361.529
361.909
361.437
360.902
360.902
360.902
362.071
361.479
360.902
361.752
360.902
360.902
360.775
360.775
360.775
360.638
360.609
360.942
360.609
360.609
361.537
360.769
360.609
361.811
360.609
360.609
360.609
360.642
361.237
360.609
360.609
362.314
362.580
360.609
360.609
360.609
362.082
360.613
360.609
360.104
361.099
359.961
359.961
360.100
360.000
361.052
359.961

Error results for SA
---------------------------
2033.179
2033.179
2033.179
2033.179
1995.794
1973.504
2054.723
1986.621
2033.208
2033.208
2278.389
2278.389
2278.389
2278.389
2274.676
2271.281
2271.432
2289.839
2289.839
2310.949
2310.949
2310.949
2348.749
2348.749
2376.511
2399.467
2399.467
2398.079
2953.508
2859.179
2859.179
2859.179
2859.179
2974.631
3002.583
3096.528
3088.093
3064.172
2974.586
2616.919
2619.037
2263.550
2916.703
2859.062
2228.235
2388.880
2394.540
2243.541
2292.094
2281.423
2280.929
2255.223
2926.068
2926.068
2997.398
3011.966
3024.430
2957.619
3069.231
2942.440
2942.440
2741.462
2737.844
2737.844
2756.638
2675.154
2781.347
2795.544
2881.177
2876.428
2902.084
2900.231
2900.231
2553.093
2763.886
2763.886
2872.939
2270.838
2282.934
2282.934
2268.304
2268.304
2268.304
2268.304
2268.304
2244.248
2356.924
2335.058
2604.624
2604.624
2686.314
2686.314
2684.212
2689.314
2639.031
2300.363
2284.697
2284.697
2286.754
1921.536
2138.556
2134.217
2615.729
2620.707
2620.770
3040.458
3080.452
2988.898
3563.640
3563.631
3564.407
3567.787
3623.965
3629.738
3629.751
3671.427
3672.884
3672.884
3448.298
3255.961
3272.636
3289.077
3304.500
3656.459
3656.459
3656.567
3182.662
3182.662
3210.295
3179.102
4169.126
4176.723
5004.479
5004.479
5004.479
5004.479
4799.620
4805.370
4805.370
4797.469
4764.592
4764.941
4807.482
4709.382
3665.072
3657.535
3729.114
2986.570
2996.584
3034.365
3025.946
3025.946
3059.558
2970.858
3012.500
3002.977
3002.977
3002.977
2990.111
2990.074
3320.038
3196.210
2748.115
2748.052
2692.090
2515.407
2494.797
2550.940
2380.430
3273.517
3265.601
3261.613
3226.252
3117.293
3216.209
3196.718
3154.964
3154.964
3154.964
3161.707
3161.769
3193.377
3193.377
3193.377
3193.377
3193.807
3201.516
3207.553
3207.419
3200.125
3200.017
3200.017
3200.017
3200.711
3187.353
3232.701
3232.696
3232.696
3232.041
3003.726
3001.363
3001.147
2975.182
2956.307
2956.965
2964.688
3018.753
3769.383
3769.383
4532.130
4264.397
4297.060
4319.974
4319.974
4332.567
4346.642
4314.031
4322.358
4322.358
4560.809
4691.042
4691.042
4691.042
4690.057
4667.501
4728.095
4728.536
4728.536
4400.686
4400.686
5128.715
5128.712
5127.794
5127.903
5127.903
5168.696
5167.981
5167.803
5019.475
5019.475
5597.970
5597.984
5597.984
5265.441
4783.843
4782.756
4625.644
4630.504
4607.697
4595.043

Error results for GA
---------------------------
1128.482
679.179
2375.900
1399.484
774.259
1207.510
570.159
534.323
1269.368
388.070
1116.726
465.694
724.793
520.817
382.588
526.963
385.740
1231.233
420.435
903.913
366.255
365.575
378.424
528.231
371.843
366.188
366.798
367.401
699.225
391.344
451.077
364.847
366.142
541.204
363.828
381.737
374.827
385.762
438.416
376.056
404.210
373.376
374.205
541.989
368.973
364.999
367.638
373.187
370.386
365.820
387.719
595.420
421.929
369.731
427.968
395.930
369.879
628.664
372.454
400.089
371.103
361.742
362.085
368.032
485.888
368.267
369.276
370.718
363.383
370.413
427.841
383.565
369.731
470.681
370.376
374.324
393.247
367.662
567.293
372.775
362.748
369.362
435.701
372.262
365.717
365.714
373.478
372.810
372.030
366.688
366.405
363.349
407.892
364.563
364.031
364.159
368.717
374.036
377.586
368.907
364.182
365.827
365.225
368.307
363.061
371.359
366.441
363.998
373.757
367.696
365.745
363.692
368.704
364.662
362.950
360.975
367.539
366.847
364.092
369.867
375.023
358.107
363.588
368.671
371.402
366.069
359.539
365.826
358.214
374.287
366.023
365.282
363.769
362.637
366.416
370.623
366.650
360.180
366.703
362.599
367.713
363.337
362.678
364.584
365.126
367.956
361.228
367.731
368.249
366.032
361.761
369.800
368.860
365.347
366.510
363.981
363.495
361.556
365.005
362.509
365.630
363.778
367.220
369.468
364.046
366.291
366.264
364.110
371.281
367.956
367.464
363.294
366.976
369.161
369.770
368.983
368.514
377.644
397.528
364.086
364.291
364.418
366.248
366.399
364.222
364.737
362.995
366.278
361.999
363.310
363.445
363.580
364.939
372.374
365.584
364.933
366.538
364.599
362.823
366.683
366.714
369.028
368.919
364.767
360.181
363.486
366.623
367.473
363.829
363.771
367.832
365.387
362.391
364.181
364.415
359.646
363.758
365.467
363.380
360.339
365.277
362.880
369.136
361.946
365.058
366.780
362.988
367.336
364.813
380.512
362.157
361.334
365.945
361.866
360.665
365.421
364.839
363.977
367.873
366.242
373.589
364.467
359.464
376.557
362.792
361.731
359.884
362.039
376.301
360.185

Results for RHC: 
Correctly classified 19247.0 instances.
Incorrectly classified 753.0 instances.
Percent correctly classified: 96.235%
Training time: 26.221 seconds
Testing time: 0.092 seconds

Results for SA: 
Correctly classified 3601.0 instances.
Incorrectly classified 16399.0 instances.
Percent correctly classified: 18.005%
Training time: 26.406 seconds
Testing time: 0.093 seconds

Results for GA: 
Correctly classified 19247.0 instances.
Incorrectly classified 753.0 instances.
Percent correctly classified: 96.235%
Training time: 906.565 seconds
Testing time: 0.088 seconds

inputLayer=16, hiddenLayer=16, outputLayer=1, trainingIterations=250
