
Error results for RHC
---------------------------
1585.437
1585.437
1598.645
1596.450
1630.491
1585.437
1585.426
1585.546
1586.210
1585.426
1585.426
1677.772
1551.098
2003.982
1551.309
1567.233
1385.776
1341.636
1341.650
1353.422
1338.599
1368.209
1550.030
1338.599
1339.491
1415.150
1338.599
1322.275
1330.462
1317.359
1317.386
1398.317
1317.359
1317.203
1273.650
1281.240
1273.695
1233.494
1690.846
1356.063
1233.494
1235.906
1259.153
1189.833
1131.925
1126.938
1127.093
1639.074
1220.922
1127.470
1126.355
1126.353
995.226
1064.240
960.253
959.955
959.959
959.955
944.845
946.951
952.745
707.775
899.600
722.641
707.769
707.727
766.758
719.681
702.205
702.205
748.202
702.205
702.205
697.191
761.923
697.260
697.569
661.318
669.006
659.492
659.492
674.382
641.743
641.743
644.684
636.849
635.306
635.306
614.945
614.945
614.945
494.549
476.688
469.834
469.832
469.830
461.349
459.074
459.047
488.224
459.049
469.629
459.046
459.046
450.304
450.306
449.204
449.850
449.199
449.000
452.638
447.116
449.966
447.126
435.729
433.114
432.737
443.487
434.786
432.863
425.026
425.026
422.788
423.404
422.746
422.746
422.903
422.086
422.086
422.086
438.114
463.977
420.512
424.814
420.512
420.512
420.512
420.512
420.512
420.512
417.929
401.076
401.058
401.748
401.058
397.388
399.394
397.312
402.844
394.596
394.596
393.311
393.311
393.315
395.634
392.804
392.804
392.804
392.804
391.347
391.035
391.042
391.035
389.637
389.135
388.466
388.466
388.634
388.466
388.261
395.207
384.653
384.653
410.485
384.653
384.653
384.653
384.758
379.357
379.357
370.894
370.495
378.424
370.293
370.293
373.296
370.293
370.293
370.293
367.446
367.446
367.446
367.446
367.442
367.442
367.749
368.104
367.441
367.980
367.826
367.232
367.221
367.269
366.625
366.621
368.442
366.698
366.621
366.621
366.621
366.621
366.538
366.538
366.538
366.538
366.538
366.538
366.470
366.816
366.995
366.470
366.470
366.470
366.470
366.463
366.463
366.463
366.543
366.463
366.781
366.903
368.986
366.463
366.442
366.407
366.727
366.407
365.678
365.654
365.654
365.641
365.640
365.640
365.640
366.665
365.746
368.228
365.529
364.429
364.429
364.429
364.429
365.632
364.429
364.429
364.429
364.251
364.253
364.251
364.472
364.250
364.250
364.895
365.133
364.228
364.131
364.131
364.147
364.131
364.131
364.131
364.122
364.122
364.122
364.554
364.122
364.528
364.840
364.122
364.122
364.121
364.120
364.120
364.118
364.118
364.071
364.023
363.898
363.898
364.028
363.902
363.898
363.893
364.041
363.893
363.946
363.896
363.893
363.887
366.468
363.929
363.887
363.887
364.308
363.887
363.887
363.887
363.881
363.881
363.881
363.953
363.525
363.525
363.527
365.328
363.525
363.451
363.451
363.451
363.451
363.451
363.451
363.451
365.931
363.573
363.451
363.451
363.554
363.450
363.449
363.453
363.450
363.449
360.781
360.781
360.781
360.785
360.781
360.764
360.764
360.764
360.765
360.762
360.762
360.762
360.730
360.730
360.723
364.868
360.723
360.723
360.723
360.723
360.723
360.357
360.357
360.357
360.304
360.304
360.304
363.834
360.304
360.310
362.541
360.369
360.304
360.315
360.304
360.304
360.304
360.304
360.304
360.554
360.304
360.304
360.348
360.304
360.298
360.298
360.311
360.298
360.298
360.298
360.298
360.298
360.298
360.298
360.113
360.113
360.113
360.114
359.629
359.629
359.629
359.629
359.628
359.628
359.508
359.508
359.508
359.508
359.422
359.422
359.422
359.953
359.422
359.422
359.625
359.422
359.422
359.422
359.422
359.422
359.422
359.422
359.198
359.959
359.222
359.176
359.176
361.413
359.176
359.176
359.176
359.176
361.978
359.176
359.176
359.177
359.176
359.176
361.055
359.176
359.176
360.941
359.475
359.176
359.176
359.176
359.176
359.176
359.138
359.044
359.044
359.501
359.044
359.055
359.044
359.044
359.044
359.044
359.044
359.044
359.044
359.044
359.044
358.640
358.640
358.164
358.752
358.164
360.293
358.164
358.164
358.164
358.164
358.164
358.164
361.667
358.164
360.272
358.165
358.164
361.603
358.164
358.164
358.166
359.489
358.164
358.164
358.164
358.164
358.164
358.164
358.164
358.164
358.164
358.164
358.164
358.164
363.581
358.342
358.164
358.164
358.164
358.164
358.561
358.190
358.164
358.133
358.133
358.133
358.134
358.133
358.133
358.142
358.133
358.133
358.145
358.133
358.133
358.281
366.000
358.133
358.133
358.133
361.549
358.133
358.133
358.133
358.133
358.133
358.133
358.133
358.133
358.133
358.133
358.133
358.133
358.133
358.133
358.133
358.133
357.928
359.344
357.928
358.548
358.346
358.690
357.928
357.928
357.928
357.928
357.928
357.824
358.322
357.824
357.824
357.832
357.824
357.824
357.824
357.824
357.824
357.824
357.824
357.824
357.824
357.824
357.824
357.824
357.824
357.824
357.824
357.679
357.679
357.679
358.589
357.679
358.376
357.679
357.679
357.679
357.953
357.679
357.679
357.679
357.679
357.679
357.679
357.679
357.838
357.679
357.679
357.679
357.679
357.679
359.238
357.956
357.679
357.679
357.679
359.617
357.679
357.919
357.679
357.679
357.679
357.679
357.679
357.679
359.462
359.133
357.679
360.254
357.679
357.679
357.679
357.679
357.679
357.679
357.679
357.679
357.679
357.802
357.679
357.679
357.679
357.679
357.679
357.679
357.679
357.679
357.679
366.570
357.826
357.679
357.694
357.434
357.995
357.434
357.406
357.406
357.302
357.302
357.297
357.297
357.297
357.297
357.297
357.254
357.254
357.254
357.254
357.254
357.254
357.254
357.254
357.254
357.254
357.254
357.233
357.200
357.200
356.742
356.742
356.742
356.742
356.743
356.742
357.063
356.742
356.742
356.742
356.742
356.742
356.742
356.742
356.742
356.742
356.742
356.742
356.742
356.742
356.742
356.742
356.741
356.741
356.741
356.741
356.743
356.741
356.741
356.741
357.147
356.741
356.741
356.741
356.741
356.741
361.020
359.617
356.741
358.710
356.741
356.884
356.741
356.741
356.741
356.741
356.741
356.741
356.741
356.741
356.741
356.741
356.741
356.741
358.383
356.741
357.468
358.273
357.009
356.743
356.741
358.316
356.741
358.629
356.741
356.741
356.741
356.741
356.741
356.742
356.741
356.741
356.737
365.415
357.237
356.737
359.502
356.737
356.737
356.737
356.758
360.927
356.737
356.737
356.705
356.705
357.532
356.705
356.705
356.705
356.705
356.705
356.705
356.705
356.705
356.705
356.706
356.705
356.705
356.705
356.705
358.079
356.705
356.705
357.042
356.701
356.701
356.701
356.701
356.701
356.701
356.701
356.701
356.701
356.701
356.701
356.701
356.701
356.701
356.701
356.369
356.369
356.369
356.369
356.369
356.793
356.369
356.369
356.369
356.369
356.369
356.369
356.369
356.369
356.369
356.369
356.369
356.369
356.427
356.369
356.369
356.369
356.369
356.369
356.369
356.369
356.591
356.369
356.369
356.369
356.880
356.369
356.369
356.369
356.796
356.945
356.887
356.614
356.369
356.369
356.369
356.369
356.369
356.185
356.187
356.255
356.185
355.917
355.934
355.917
355.917
355.917
355.917
355.917
355.917
355.917
355.917
355.917
355.917
355.917
355.917
355.917
355.917
355.917
359.130
355.917
355.917
355.917
355.917
355.917
355.917
355.917
355.917
355.917
355.917
355.917
355.917
355.917
355.917
355.939
355.917
355.917
355.917
355.917
355.917
355.917
355.917
355.917
355.917
356.312
355.917
355.917
356.775
355.917
355.917
355.917
355.917
355.917
355.918
355.917
355.917
355.917
355.917
355.917
355.917
355.917
355.199
355.199
355.199
355.199
355.199
355.199
355.199
355.199
355.199
355.199
355.199
355.199
355.199
355.199
355.109
355.109
355.109
355.109
355.109
355.109
355.109
355.109
355.109
355.109
355.109
355.109
355.109
355.109
355.109
355.109
355.109
355.109
355.109
355.109
355.109
355.109
355.109
355.109
355.109
355.109
355.109
355.109
355.109
355.109
355.109
355.055
355.055
355.055
356.181
355.055
355.055
355.055
355.055
355.055
355.055
355.055
355.055
355.055
355.055
355.055
355.055
355.055
355.246
355.055
355.055
355.055
355.055
362.486
355.055
355.055
355.055
358.446
355.055
356.011
355.055
355.055
355.082
355.055
355.055
355.055
355.055
356.005
355.055
355.055
355.055
354.937
354.937
354.937
354.937
354.937
354.937
355.636
354.937
354.937
354.937
354.937
354.937
354.937
354.937
354.944
357.536
354.937
354.937
354.937
354.937
354.937
354.937
354.937
354.937
354.937
354.937
354.937
354.937
354.937
354.937
354.937
355.147
354.937
354.937
356.988

Error results for SA
---------------------------
1381.121
1412.215
1412.179
1567.037
1567.037
1860.621
1858.750
1738.557
1738.557
1677.019
1677.019
1677.730
1751.433
1708.426
1708.415
1708.415
1708.416
1708.686
1765.186
1749.970
1750.008
1664.816
1666.533
1636.358
1609.586
1502.688
1541.012
1541.975
1668.207
1668.207
1668.174
1668.174
1668.174
1668.151
1717.537
1736.822
1750.463
1729.702
1731.896
1731.789
1811.566
1637.413
1637.445
1689.790
1689.791
1900.386
2057.380
2054.838
2054.838
2055.052
2138.790
2138.790
2089.481
2088.913
2088.797
2187.925
2424.472
2424.472
2295.186
2295.186
2295.639
2295.639
2211.645
2305.786
2385.710
2385.710
2391.702
2386.489
2319.761
2319.401
2319.401
2480.865
2480.865
2481.965
2591.154
2531.535
2551.787
2580.288
2332.871
2320.519
2371.142
2370.245
2370.245
2370.245
2369.811
2370.325
2180.002
2408.314
2408.315
2364.801
2136.028
2176.341
2009.697
1854.101
1861.125
1877.687
1892.824
1892.824
1865.741
1802.846
1802.846
1802.409
1802.409
1780.244
1778.706
1793.035
1794.395
1808.846
1757.881
1757.881
1738.852
1738.799
1565.495
1565.495
1565.495
1565.835
1494.198
1497.492
1443.203
1438.596
1463.858
1275.802
1314.457
1349.005
1349.005
1389.373
1481.209
1487.498
1522.588
1539.840
1539.840
1590.570
1684.660
1684.714
1626.742
1538.616
1617.092
1625.665
1636.935
1636.935
1636.935
1630.293
1347.607
1335.166
1396.189
1385.013
1934.744
1934.744
1934.744
2076.553
2141.465
2058.462
2071.383
2071.383
2112.062
2112.062
2153.754
2197.376
2162.521
2356.522
2352.360
2353.352
2354.861
2355.009
2409.806
2409.806
2375.505
2408.028
2418.201
2431.095
2431.095
2511.226
2603.368
2788.327
2796.771
2756.036
2756.036
2755.390
2755.390
2755.391
2758.013
2909.440
2903.863
2883.024
2997.330
3037.291
3192.365
3189.459
3208.805
3204.084
3204.084
3206.142
3136.560
2380.294
2234.790
2236.249
2237.467
2236.640
2236.640
2443.792
2444.254
2086.996
2087.052
2087.052
2082.809
2083.245
1843.379
1843.094
1844.282
1823.410
1821.238
1838.321
1683.378
1683.445
1729.979
1832.151
1668.897
1668.897
1668.897
1801.485
1822.211
1754.218
1729.102
1734.273
1734.270
1724.593
1689.346
1689.346
1659.242
1660.931
1660.980
1314.822
1672.649
1557.842
1659.434
1546.561
1533.753
1530.130
1530.247
1574.576
1609.928
1607.614
1625.070
1753.624
2040.317
2074.389
2074.389
2029.115
2029.115
2158.800
2158.800
3077.074
3076.836
3076.836
3076.836
3076.836
3076.836
2820.166
2820.175
2756.297
3018.277
3018.278
3066.494
3116.877
3208.841
3165.146
3165.146
3259.777
3210.912
3210.937
3138.649
3476.014
3459.823
4209.785
4209.785
4087.132
4087.140
4093.159
3837.502
3565.468
3565.430
3565.636
3565.827
3155.777
3381.158
3381.130
3381.130
3611.172
3868.781
3868.594
3913.458
3897.269
3897.268
3825.180
3825.186
3837.030
3667.036
4842.887
5179.670
5179.480
5179.536
5133.380
5133.210
5133.211
5237.723
5246.940
5668.437
5824.708
5705.253
5705.243
5705.236
5705.237
5705.237
5588.465
5124.831
5094.896
5481.579
5279.385
5299.211
5299.211
5428.633
5150.519
5159.437
5161.009
4355.303
4355.303
4355.303
4355.303
4052.103
4052.103
4052.011
4052.011
3970.518
3205.204
3212.185
3532.155
3520.181
3756.965
3757.064
3655.718
3655.287
3291.450
3316.708
3419.396
3148.032
3148.032
3145.828
2998.668
3001.668
3000.564
3054.945
3054.945
3054.944
3055.328
3055.328
3337.199
3312.207
3354.823
3354.823
3403.725
3410.501
3410.501
3583.048
3708.581
3774.021
3774.021
3774.020
3756.468
3762.336
3960.135
3936.289
3936.292
3737.211
3736.957
3492.949
3624.226
3520.745
3520.774
3522.106
3192.169
3192.322
3190.215
3190.205
3190.205
3190.200
3190.217
3190.190
3190.190
3190.124
3329.599
3693.842
3653.354
3653.354
3653.354
4066.873
4090.561
4090.328
4021.730
5240.897
5240.948
5240.561
5137.356
5136.943
5136.943
5028.897
5028.897
5155.041
4327.293
4440.203
4440.202
4440.124
4419.563
4830.662
4830.674
4886.528
4879.468
4874.499
4874.499
4629.201
4666.372
4666.372
4669.346
4667.811
4669.615
4667.904
4667.904
4658.982
4794.892
4917.479
5118.490
4029.222
4029.998
4028.998
4028.997
4023.613
4023.613
4606.118
4614.771
3872.042
3975.247
3982.353
3980.761
3966.309
3782.388
3782.388
3760.788
3580.470
3605.956
3588.661
3573.312
3516.098
3516.098
3469.736
3463.131
3463.131
3417.939
3410.266
3365.806
3413.507
3413.291
3407.080
3407.955
3407.954
4048.308
4048.308
4057.787
5114.078
5112.204
5112.204
5112.204
5112.204
5112.248
5112.248
5116.660
5231.009
5096.560
4987.325
4987.141
5000.569
5013.129
5022.662
5051.439
5051.637
5051.628
5045.359
5097.796
5097.796
4829.318
4829.338
4795.033
4792.946
4777.487
4775.392
4759.062
4749.591
4086.875
4133.551
4131.887
4131.887
4129.777
4129.777
4130.099
4025.370
4089.482
4089.476
4529.542
4525.437
4849.770
4851.670
5009.860
4639.119
3750.681
3565.189
3623.426
3628.362
3607.429
3601.906
3568.053
3599.061
3593.798
3783.550
3609.121
4009.925
4100.037
4096.795
3677.542
3677.542
3754.296
3096.724
3028.964
3384.596
3413.771
3434.635
3432.611
3449.549
3591.300
3754.952
3774.760
3821.225
3764.945
4079.807
4072.605
4072.621
4054.524
4060.027
4116.536
4128.270
4153.629
4151.654
4232.506
4148.226
4144.909
4144.909
4144.647
3948.938
3887.453
3889.913
3901.231
3901.225
3897.995
4019.595
4242.006
4302.550
4828.224
4473.017
4401.119
4411.832
4411.832
4437.595
4437.595
4380.541
4235.707
4295.143
4296.231
4304.743
4324.965
4488.995
4624.666
4689.682
4691.347
4351.139
4361.878
4696.768
4865.484
5166.378
5080.256
5287.039
5287.039
5122.764
5126.829
5004.227
4968.227
4968.595
4593.817
4507.049
4418.030
4354.422
4285.458
4298.613
4284.682
4353.476
4625.557
4613.774
4622.525
4658.468
4816.807
4670.884
4670.884
4591.375
4591.454
4597.471
4628.645
4631.979
4631.820
4608.917
4608.457
4595.385
4500.160
3738.853
3398.100
3408.868
3316.599
2564.677
2456.180
2447.943
2399.864
1788.748
1764.640
1688.600
1684.647
1684.813
1655.346
1670.760
1669.410
1669.305
1669.551
1708.176
1708.091
1708.091
1712.360
1674.654
1674.654
1652.973
1657.441
1657.403
1698.386
1697.145
1713.686
1658.987
1992.278
1992.572
1999.992
2038.487
1777.213
1791.284
1791.457
2261.646
2261.767
2239.061
2256.759
2256.758
2442.744
2447.280
2447.281
2447.277
2458.270
2247.486
2247.486
2291.950
2287.775
1606.977
1610.618
1610.635
1595.827
1436.804
1454.125
1450.647
1450.647
1465.616
1465.996
1463.194
1543.381
1543.382
1843.426
1499.186
1499.532
1499.537
1499.531
1571.513
1571.485
1571.248
1898.887
2035.136
1899.602
2262.936
1920.005
1779.860
1832.043
1779.860
1766.713
1914.187
1942.037
1391.998
1392.040
1406.705
1406.727
1406.824
1410.632
1240.897
1164.324
1691.058
1169.838
1122.193
1122.193
1123.221
1122.193
997.014
996.499
1059.111
996.119
993.909
1004.636
991.715
991.715
998.666
996.231
996.351
1017.580
1016.720
1027.731
1017.299
1117.713
1082.089
1017.299
1017.299
925.925
925.925
961.793
770.346
782.491
768.132
742.162
731.937
711.913
712.010
713.266
713.266
712.965
713.044
711.694
615.847
615.730
618.437
644.890
581.996
581.997
561.352
535.731
532.286
538.915
559.062
546.890
546.338
558.181
532.412
532.285
534.177
534.018
509.856
505.800
505.794
507.600
502.705
501.841
501.841
501.321
502.181
506.624
510.578
502.079
493.756
493.756
493.882
483.869
471.925
471.968
471.881
471.977
486.958
532.421
469.681
490.848
481.544
469.895
517.121
469.627
468.494
478.885
489.394
468.550
468.509
465.415
463.018
458.885
458.885
458.458
460.481
517.858
457.713
463.207
457.713
416.587
416.473
414.642
415.874
414.283
414.261
414.056
425.579
414.056
415.293
413.851
414.009
413.851
425.611
413.851
410.498
410.483
410.483
407.971
401.555
400.629
394.269
394.360
394.269
394.149
394.933
394.186
394.605
394.202
391.062
407.840
385.966
396.819
385.653
390.998
385.768
385.873
382.123
380.396
380.350
380.242
380.123
379.567
378.227
378.292
376.990
376.991
377.048
377.286
377.059
377.906
376.047
376.957
375.998
375.901
375.918
367.434
367.481
367.987
366.898
368.605
366.941
366.849
366.814
367.782
366.820
366.814
366.843
366.814
366.177
366.152
367.798
366.152
364.849
364.807
364.807
364.822
364.498
364.498
364.515
363.184
363.184
363.161
363.129
363.129
363.787
361.518
361.507
361.507
361.252
361.266
359.910
359.910
359.903
359.903
359.864
360.708
359.790
359.853
360.393
359.819
362.079
359.719
359.428
359.426
359.422
359.441
359.406
359.421
359.406
363.252
362.567
359.475
359.572
359.406
359.441
359.464
359.356
359.477
359.410
359.356
361.248
363.724
359.356
359.356
359.356
359.332
359.385
359.314
359.286
359.302
359.286
359.286
358.986
360.889
359.831
358.986
358.994
358.986
359.039
359.023
358.709
361.571
359.616
358.738
358.868
358.619
358.667
360.813
358.619
358.618
358.618
358.661
358.618
358.619
360.833
358.623
358.618
358.618
358.618
358.415
358.415
358.465
358.415
358.415
358.382
358.404
358.382
358.382
358.762
358.354
358.354
358.363
358.354
358.105
359.268
358.127
358.105
358.553
358.555
358.105
364.158
358.105
358.105
358.117
358.105
359.225
357.997
357.997

Error results for GA
---------------------------
4443.865
2534.582
2168.366
4905.324
2934.097
740.695
661.979
1732.895
6276.652
382.768
613.717
4742.479
1186.178
624.775
967.233
727.805
369.557
3944.842
871.185
2145.662
537.631
1619.053
507.709
395.989
516.647
423.505
1515.307
366.299
421.108
377.836
455.261
424.326
401.429
383.777
437.871
366.000
370.908
364.886
401.681
361.477
370.658
392.722
368.193
368.933
372.754
369.252
377.154
377.820
500.804
380.797
366.159
373.284
371.865
366.494
943.126
362.503
369.849
419.607
383.592
373.685
368.429
367.075
382.307
361.811
368.747
368.452
368.731
373.209
363.563
408.842
381.211
391.441
370.845
370.195
358.126
370.103
370.625
358.677
365.928
368.463
371.217
365.860
372.796
365.769
370.970
361.756
367.246
371.158
372.347
369.352
367.292
370.342
369.074
379.390
363.147
390.091
370.142
367.896
370.526
369.095
368.447
371.112
393.586
371.583
361.938
371.650
372.092
371.327
363.535
369.186
368.171
368.431
368.756
374.007
370.215
362.779
360.197
372.849
368.281
372.357
370.573
368.302
370.168
368.110
370.045
364.464
371.785
363.666
370.893
364.743
369.444
363.427
365.390
376.362
371.079
370.788
364.482
367.298
370.545
365.795
369.439
371.963
369.803
366.592
367.106
368.256
368.451
364.062
370.608
369.107
366.171
368.150
371.329
373.380
366.651
366.981
369.699
369.354
365.631
371.204
367.655
367.831
364.388
365.091
362.882
369.975
370.533
373.147
364.607
367.557
370.344
367.790
359.473
369.794
372.267
369.869
363.536
368.658
367.264
362.547
396.161
369.732
362.368
363.667
364.634
362.753
370.689
365.129
365.461
368.183
363.225
369.182
369.441
363.499
363.389
367.979
365.883
362.700
365.628
366.081
362.215
356.301
368.231
363.629
368.247
364.533
367.101
372.177
359.762
384.458
368.193
364.981
364.028
370.499
365.527
365.899
365.083
365.812
365.923
362.292
368.841
366.944
369.067
364.547
364.398
367.362
368.015
366.529
369.556
361.817
366.356
362.136
360.151
385.111
364.639
371.878
360.642
365.184
362.654
368.745
369.070
369.484
360.567
370.461
369.467
367.281
364.725
366.703
371.173
357.825
366.924
363.538
364.801
365.108
366.830
367.106
361.760
367.702
361.425
369.015
359.935
359.349
366.995
367.669
364.784
363.350
365.685
366.536
362.817
373.222
358.239
372.245
363.409
370.924
368.180
363.065
364.664
372.169
370.560
363.271
363.228
362.374
369.975
359.435
367.030
364.838
362.876
361.410
359.644
355.615
366.151
355.960
360.538
364.055
367.392
361.688
361.258
354.690
354.101
361.378
367.283
372.770
364.699
368.479
360.483
361.716
360.612
365.458
361.850
365.116
355.238
354.775
355.290
363.328
362.766
364.695
357.574
358.014
361.899
364.655
363.991
366.119
364.399
360.943
360.825
363.575
368.032
363.973
365.059
388.744
362.196
360.670
357.165
359.531
353.832
361.112
362.790
360.964
361.526
360.573
361.412
361.209
363.912
362.225
364.643
363.591
359.255
363.349
371.960
363.126
355.986
356.581
362.279
367.280
374.187
359.077
370.337
359.558
358.322
359.146
364.870
371.604
358.381
361.043
354.749
375.562
358.631
360.117
368.849
364.357
359.915
360.339
358.289
365.820
367.110
363.046
360.100
362.668
356.390
362.995
367.481
359.453
357.508
361.020
363.181
361.058
353.904
361.498
359.607
363.517
356.796
358.318
364.740
363.964
355.888
356.416
353.765
369.706
362.407
360.794
368.924
363.713
366.212
356.049
360.791
355.530
359.973
364.961
361.500
372.157
358.485
365.120
360.689
354.649
361.196
358.939
362.527
368.147
358.517
364.331
371.535
359.159
362.572
353.940
354.834
377.870
363.333
356.861
370.780
358.776
360.265
381.295
358.385
366.140
363.218
365.061
367.823
360.296
361.477
363.089
363.235
370.911
363.722
359.152
380.797
360.866
358.905
364.976
363.725
367.430
364.857
357.593
366.395
364.912
363.180
360.490
359.844
361.789
362.397
363.128
355.437
361.655
364.210
355.871
364.132
356.619
361.258
364.904
361.200
371.129
360.521
360.064
362.282
362.182
360.348
360.295
360.282
365.562
354.765
361.501
354.310
365.111
362.129
364.015
359.938
361.397
358.714
355.742
354.591
355.667
358.649
362.058
358.237
359.532
356.810
361.522
360.942
360.867
359.236
368.035
357.325
362.111
362.364
364.238
357.883
359.399
362.955
359.452
355.702
363.198
355.479
361.905
355.207
361.059
355.979
356.142
353.356
355.723
356.664
362.349
359.279
358.854
362.309
363.068
360.432
358.691
358.619
360.854
362.659
355.814
358.329
363.068
359.887
358.605
357.094
363.020
359.103
362.215
362.413
360.767
356.284
363.663
363.367
368.838
354.461
361.553
357.079
365.290
360.530
359.027
363.832
361.171
362.415
356.768
369.686
358.761
371.604
361.531
362.634
361.308
362.443
359.967
375.257
358.675
368.459
359.868
359.365
362.235
360.706
353.987
370.262
360.472
361.862
358.776
362.524
362.877
363.764
359.284
360.766
379.509
357.444
356.818
356.415
373.817
362.020
358.457
353.448
359.296
363.918
362.045
365.358
355.746
356.657
362.786
360.090
365.980
358.143
363.766
354.955
360.506
359.621
355.048
361.063
359.893
361.956
356.110
361.263
359.448
365.364
359.291
359.338
361.160
361.682
355.008
356.239
358.653
354.192
355.450
367.002
355.561
366.497
354.938
365.340
354.161
361.111
362.857
366.659
360.830
362.590
358.307
367.563
354.666
361.326
358.935
354.064
364.744
353.929
359.335
353.170
355.558
353.782
357.668
358.327
357.358
361.255
358.279
355.428
367.375
358.871
356.209
360.502
354.344
358.213
360.529
357.956
360.613
357.805
360.788
354.942
353.408
361.136
363.911
354.408
363.173
364.044
357.061
359.117
361.409
360.134
362.394
360.874
352.853
354.254
355.552
359.024
358.896
359.427
357.694
359.388
362.926
356.456
354.852
362.722
361.393
370.088
358.771
357.826
357.093
354.441
355.691
357.209
356.736
356.415
359.639
359.143
359.667
359.174
354.645
353.603
354.358
359.272
354.514
356.620
355.409
358.326
357.588
366.300
354.194
358.989
357.703
359.012
354.066
358.473
356.853
353.869
362.881
354.593
355.488
367.877
362.911
362.735
361.603
356.581
355.119
354.461
355.414
355.452
358.329
360.347
353.748
353.970
360.499
355.760
353.906
354.360
356.401
354.076
355.668
364.713
366.580
354.036
359.853
354.817
365.573
358.493
354.074
358.255
358.811
355.326
353.669
354.271
357.686
358.820
358.735
355.004
357.291
354.706
365.821
355.166
355.743
361.064
358.360
355.287
357.332
355.356
361.303
364.288
369.853
355.585
358.478
355.002
353.885
356.411
354.798
353.847
361.671
360.989
361.037
356.072
354.151
355.913
361.638
359.698
358.168
357.494
357.475
355.249
359.649
361.251
360.030
361.503
360.675
365.632
354.560
361.247
359.918
366.709
362.712
354.992
364.023
357.751
360.954
360.737
363.460
355.205
354.276
361.298
357.568
355.096
357.429
359.537
359.235
361.171
357.306
358.859
363.009
356.970
360.847
359.471
360.381
358.575
361.776
355.568
361.594
355.043
359.103
361.447
355.404
354.782
358.737
355.019
360.932
356.411
364.138
357.633
355.034
363.142
354.718
354.476
359.634
360.011
354.362
365.488
360.386
356.719
362.513
354.310
358.005
362.590
357.628
362.804
356.372
362.991
358.399
357.992
360.321
361.571
357.797
357.298
356.008
358.933
361.676
361.620
357.665
363.810
359.151
358.103
365.158
366.517
358.200
358.356
359.526
357.442
355.407
367.159
356.741
362.009
366.738
365.356
362.763
361.163
365.365
354.903
362.197
369.936
360.157
359.279
367.330
358.347
361.408
365.414
360.656
356.586
362.522
363.967
359.242
363.456
358.524
365.145
357.371
359.514
360.172
365.251
363.727
358.597
359.439
359.576
357.193
359.747
359.151
357.103
359.354
355.677
359.817
363.274
361.186
363.046
357.007
360.129
359.570
356.293
356.881
354.100
364.999
360.060
355.602
361.326
356.509
359.197
356.314
357.722
357.929
355.110
359.718
360.184
359.878
363.704
355.553
357.598
360.326
358.435
363.225
368.477
359.581
363.251
356.941
359.868
361.334
361.823
358.648
358.820
354.769
355.094
359.266
359.954
356.174
359.637
354.768
364.368
365.081
360.513
362.208
354.206
359.141
362.442
357.124
357.310
354.787
362.550
357.764
359.836
359.354
357.607
364.530
360.830
358.442
356.161
358.115
360.215
355.839
360.897
357.359
361.383
357.398
357.433
358.080
357.016
357.068
358.437
355.492
356.427
357.023
360.805
356.865
361.509
356.184
357.701
361.450
356.346
361.706

Results for RHC: 
Correctly classified 19247.0 instances.
Incorrectly classified 753.0 instances.
Percent correctly classified: 96.235%
Training time: 105.525 seconds
Testing time: 0.091 seconds

Results for SA: 
Correctly classified 19247.0 instances.
Incorrectly classified 753.0 instances.
Percent correctly classified: 96.235%
Training time: 104.466 seconds
Testing time: 0.096 seconds

Results for GA: 
Correctly classified 19247.0 instances.
Incorrectly classified 753.0 instances.
Percent correctly classified: 96.235%
Training time: 3575.770 seconds
Testing time: 0.096 seconds

inputLayer=16, hiddenLayer=16, outputLayer=1, trainingIterations=1000
