
Error results for RHC
---------------------------
1802.480
2411.597
1723.018
2123.714
1732.148
1541.582
1535.684
1520.322
1520.322
1010.318
1031.973
941.428
941.891
937.426
911.737
913.112
907.843
1092.824
909.746
909.671
906.584
870.241
874.702
873.673
870.241
869.342
910.144
870.444
872.457
869.342
870.119
869.458
864.794
863.451
896.809
863.887
862.159
866.713
855.883
855.883
853.543
853.548
833.427
862.157
687.656
688.413
673.607
674.320
673.888
674.160
639.505
638.029
637.260
637.802
581.944
523.847
518.231
518.579
567.516
499.397
499.239
499.163
499.161
510.185
510.785
495.753
495.753
447.041
452.463
503.911
445.716
444.815
444.815
465.907
443.823
448.799
443.823
444.809
443.823
449.569
446.396
461.628
445.325
444.807
443.823
443.823
442.320
464.484
442.241
453.676
442.241
413.928
413.264
388.053
388.053
387.439
387.438
387.435
387.436
387.433
380.737
380.738
380.739
379.495
377.032
376.149
375.679
375.388
375.911
375.388
375.408
375.189
375.470
381.048
375.126
374.784
374.784
374.786
371.408
371.408
371.408
370.876
370.876
370.585
370.920
370.585
370.484
370.241
370.241
370.241
370.242
370.432
364.802
364.802
364.802
364.802
364.385
364.405
364.389
364.372
364.898
363.741
363.757
363.619
363.619
363.619
363.619
362.234
363.346
362.201
362.201
362.288
361.683
361.683
368.674
362.133
361.166
361.166
361.166
361.292
361.118
361.123
361.690
362.000
361.032
361.059
361.032
361.374
361.032
361.121
361.366
361.032
360.979
361.185
361.198
360.981
360.978
360.944
362.268
360.944
360.904
360.904
360.902
360.902
360.803
360.803
361.388
360.898
360.803
360.787
360.787
360.911
360.787
360.787
362.578
360.787
360.792
360.787
361.271
360.787
361.526
360.787
361.249
360.788
360.799
360.764
360.770
361.018
361.370
360.808
360.863
360.764
363.740
360.869
360.757
360.685
360.685
360.685
360.685
362.301
360.724
361.018
360.685
360.685
360.591
360.128
360.128
359.988
359.988
360.011
359.988
359.988
360.068
359.988
359.988
359.988
359.986
359.986
361.816
361.588
359.986
360.113
360.063
360.067
359.986
359.986
359.986
359.992
359.388
359.417
359.414
360.328
359.388
359.865
366.911
359.506
359.388
359.676
359.388
359.107
359.107
359.242
359.107
359.135
359.107
359.107
359.107
359.107
359.107
359.913
359.107
359.107
359.107
359.107
359.107
359.790
359.523
359.107
359.107
361.555
359.107
359.107
359.107
360.400
359.107
359.107
368.215
359.107
359.107
360.338
359.107
359.107
359.106
359.106
358.948
358.948
358.948
358.579
358.952
358.711
357.088
357.088
355.612
355.612
355.344
359.830
355.522
355.344
355.344
355.344
355.344
355.344
355.344
355.344
355.344
355.344
355.271
355.271
355.289
355.272
355.278
355.271
355.271
355.178
355.178
355.178
355.178
355.178
355.389
355.139
357.260
355.194
357.210
355.296
355.005
354.696
354.696
354.696
354.997
354.696
354.696
354.696
354.675
354.675
354.626
354.626
354.616
354.616
354.807
354.545
354.545
354.540
354.540
354.548
354.521
355.984
354.531
354.772
354.486
354.486
354.486
354.486
354.492
360.504
354.486
354.486
354.674
351.708
351.708
351.708
351.708
351.842
351.708
351.714
351.920
359.614
351.708
351.715
354.050
351.708
351.686
351.686
351.686
360.405
351.686
351.686
352.481
351.686
350.823
350.823
350.823
350.823
350.823
350.823
351.188
350.821
355.260
350.821
351.247
351.953
350.821
353.784
350.821
350.821
350.821
350.821
350.821
350.821
350.494
350.494
350.494
350.495
350.494
350.494
350.435
350.435
350.435
350.415
357.024
350.419
350.415
350.415
350.976
350.415
350.415
350.415
351.190
350.415
350.415
350.415
355.110
350.414
350.414
350.414
350.414
350.414
350.426
350.414
350.536
350.414
350.414
350.414
350.414
350.414
350.482
350.414
350.414
350.414
350.362
350.362
365.615
350.485
350.348
350.456
351.898
350.348
350.348
350.348
350.348
350.348
350.348
353.004
350.348
354.793
350.285
350.285
350.260
350.214
350.214
350.214
350.959
350.213
350.213
350.213
350.213
350.213
350.822
350.213
350.213
350.213
350.132
350.132
350.132
350.237
352.656
350.132
350.512
350.132
350.889
350.132
350.132
352.423
367.659
350.127
350.127
350.128
352.689
350.127
351.446
350.128

Error results for SA
---------------------------
988.462
1027.158
1027.159
1027.323
1058.056
1058.025
928.122
885.451
824.833
824.807
864.216
864.233
681.007
830.155
1009.367
1009.392
1009.392
1009.392
1009.395
1009.370
1009.483
1009.190
1009.078
1163.262
982.764
982.779
1026.713
1020.139
1020.205
1094.724
1094.148
1094.183
1297.912
1291.532
1289.518
1293.287
1293.284
1293.276
1293.276
1292.504
1294.808
1294.792
1294.792
1290.063
1289.954
1290.005
1290.010
1099.247
875.258
966.930
821.435
812.503
811.619
811.614
811.636
811.638
811.638
853.814
826.717
917.996
908.434
908.476
864.490
653.338
645.726
645.751
496.871
442.887
442.887
443.031
443.009
440.040
435.430
443.357
443.356
443.357
443.357
437.573
461.825
455.873
449.651
449.651
449.651
449.519
449.524
462.238
461.661
464.031
464.031
467.735
467.983
455.614
455.536
460.462
460.470
460.469
460.469
467.796
461.771
461.771
469.818
469.809
470.400
420.287
412.319
410.528
409.558
410.347
410.347
410.356
409.454
409.442
405.553
405.624
406.666
406.666
409.578
407.839
407.805
407.958
408.025
407.373
406.994
406.739
399.728
399.728
399.801
397.703
397.703
398.447
398.362
398.362
398.362
407.122
414.538
410.212
407.125
411.390
411.390
409.362
401.778
408.655
417.087
416.853
427.598
427.598
427.817
427.817
435.069
435.069
435.069
435.069
435.195
406.837
406.821
408.303
410.402
408.144
443.191
429.103
431.429
461.307
461.307
461.613
455.376
455.380
455.382
453.930
454.710
455.476
455.698
455.698
455.534
455.532
455.273
454.333
439.792
439.739
440.549
537.300
544.358
544.358
539.974
518.031
518.031
517.433
517.434
517.434
518.445
518.150
518.926
522.853
522.850
504.525
504.761
504.745
523.692
656.650
656.646
656.411
656.411
1030.152
1052.502
1084.571
1142.757
1142.669
1134.340
1134.340
1347.819
1349.210
1349.210
1821.431
1819.532
1818.579
1749.549
1859.512
1859.495
1789.471
1789.825
1784.201
1784.249
1784.249
1787.504
1762.221
1779.041
1779.041
1719.311
1720.636
1665.057
1665.554
1667.611
1723.078
1723.631
1723.452
1720.891
1672.028
1822.192
1784.251
1784.251
1784.106
1784.106
1788.631
2000.866
2127.127
2125.606
2254.452
2254.196
2228.971
2235.338
2239.308
2237.139
2235.986
2221.174
2220.233
2220.716
2220.710
2220.710
2196.742
2301.621
2211.151
2211.139
2207.380
2222.586
1752.536
1761.475
1761.020
1761.897
1757.572
1426.250
1426.249
1426.249
1409.519
1387.532
1387.532
1387.439
1387.439
1387.439
1387.439
1387.439
1386.474
1386.460
1326.738
1327.684
1327.681
1301.293
1327.439
1328.510
1328.510
1321.729
1262.686
1262.686
1251.460
1247.664
1267.046
1270.982
1271.136
1271.056
1270.892
1267.050
1306.593
1309.399
1309.399
1309.300
1361.638
1328.414
1327.548
1327.956
1336.351
1336.351
1336.350
1336.350
1371.843
1368.592
1368.557
1368.557
1820.865
1681.068
1679.376
1674.750
1674.644
1679.393
1678.381
1678.473
1680.880
1680.879
1680.879
1657.178
1657.178
1591.122
1591.193
1159.983
1063.650
1004.819
1013.976
1013.976
1012.041
1012.041
1012.040
1089.838
1082.247
1083.876
1083.876
1081.684
1081.571
1078.415
1078.409
1076.470
1125.533
1125.533
1125.511
1203.290
1203.090
1203.153
1197.719
1070.722
1104.883
1105.990
1105.990
1105.990
1106.045
1087.280
1085.179
1086.027
1086.660
1112.604
1110.284
1110.285
1087.168
1087.168
1024.710
1033.937
956.280
956.278
956.274
928.433
916.390
897.385
945.524
939.803
945.585
898.885
905.356
914.481
914.464
911.950
925.570
925.570
925.608
928.525
928.525
924.041
937.047
931.655
931.683
931.800
931.526
931.257
913.376
925.383
925.383
925.383
925.383
925.388
923.578
923.095
909.711
909.706
909.596
909.596
909.596
909.596
909.597
909.595
909.615
909.615
909.630
909.630
909.640
872.190
873.101
873.998
873.998
870.214
870.214
870.240
870.240
870.283
871.587
871.523
892.860
893.070
1378.485
922.847
974.868
1037.146
1037.608
1037.606
1037.606
1049.165
1049.214
1049.169
1120.961
1120.551
1154.754
967.730
961.182
960.213
960.216
960.695
918.768
918.768
937.756
942.763
942.206
942.235
942.235
971.666
971.844
972.367
983.430
904.708
873.035
821.264
791.879
852.510
852.547
852.547
852.547
852.540
853.262
1063.073
1063.073
1063.073
1180.786
1150.934
1150.934
1150.842
1134.138
1152.175
1147.736
1128.991
1109.150
1109.150
1109.150
1109.193
1109.193
1109.193
1112.256
1112.256
1112.251
1108.913
1108.913
948.639
958.908
1151.795
1151.786
1241.986
1389.522
1389.522
1389.321

Error results for GA
---------------------------
3733.235
4490.373
966.441
3325.836
1062.124
594.474
1642.746
388.877
548.194
1546.032
1792.538
3577.549
566.181
365.313
456.719
495.116
407.601
719.798
1047.776
2707.804
2319.566
420.970
881.013
514.158
535.622
743.761
561.512
501.021
402.663
370.510
421.313
406.703
441.315
1263.582
374.064
373.116
386.015
404.184
826.931
373.828
362.151
522.845
366.850
371.302
405.656
372.812
369.202
365.211
402.247
371.369
367.398
370.460
365.783
373.950
368.408
365.290
370.938
369.071
368.655
367.065
377.107
364.505
365.070
606.389
373.499
371.193
363.837
367.632
674.462
373.284
363.136
370.635
373.670
367.874
365.683
364.507
382.066
367.247
372.716
379.595
448.903
368.920
369.422
370.183
374.369
368.659
369.703
372.072
368.312
363.928
358.757
363.875
369.344
403.167
373.207
371.106
368.168
376.841
374.564
373.070
368.602
371.426
361.807
466.532
376.604
379.584
367.595
369.405
366.548
369.268
367.952
370.374
371.226
368.339
364.393
362.571
367.251
369.268
412.158
365.719
357.184
374.736
381.083
364.523
365.756
365.161
370.916
365.834
364.480
369.480
368.912
380.181
370.246
369.635
370.774
370.218
371.577
366.554
367.991
371.495
369.478
448.142
366.716
368.045
366.648
372.683
367.329
367.602
363.768
363.922
371.946
369.466
362.463
370.058
365.690
370.500
368.630
369.451
380.098
371.751
369.965
373.645
362.087
368.127
371.708
371.966
363.062
365.948
370.956
367.140
373.726
369.292
368.832
370.375
366.595
371.949
368.314
372.624
369.289
369.510
369.861
371.147
370.995
370.712
369.781
367.762
369.135
366.740
372.890
373.390
369.500
367.461
369.219
367.100
371.608
372.214
372.576
372.653
363.101
368.707
369.451
368.000
374.587
371.781
368.542
371.850
364.391
369.989
366.869
370.516
373.662
372.419
370.145
370.517
369.134
366.226
369.494
370.278
360.322
367.269
373.717
372.191
367.002
373.048
368.125
370.871
365.088
371.015
369.493
367.480
372.379
371.491
368.894
369.011
370.818
371.918
366.184
371.460
368.909
368.027
370.752
370.183
368.354
370.298
370.562
365.840
368.850
367.915
375.560
368.070
366.135
412.083
369.277
366.828
408.830
367.269
368.005
366.844
371.087
368.420
367.059
375.169
368.119
372.027
367.886
366.766
374.222
375.981
371.982
370.795
366.780
371.824
364.209
375.765
369.566
367.958
367.201
363.943
363.267
365.459
368.873
371.595
369.390
369.277
371.291
367.857
369.143
367.348
372.523
366.475
371.593
390.112
381.859
370.199
367.202
366.749
370.817
366.713
366.521
367.428
371.867
368.934
374.359
369.324
363.816
367.881
372.982
368.489
366.887
369.545
370.225
370.905
371.929
366.275
370.960
369.639
367.730
369.346
370.293
379.444
371.372
368.161
367.511
369.136
368.865
370.604
368.543
370.331
369.585
370.955
389.084
368.316
396.159
366.548
368.559
373.360
362.042
372.463
373.665
370.356
366.333
371.700
371.545
368.226
369.644
371.216
368.817
373.494
377.991
374.062
368.652
379.861
371.558
368.835
371.934
370.228
371.154
371.358
372.221
369.660
371.190
372.389
377.615
370.140
366.463
368.622
369.494
372.204
371.720
372.182
372.443
382.757
367.097
369.308
370.583
369.262
368.628
374.854
370.149
371.748
371.234
368.525
370.816
368.312
372.246
369.114
371.308
367.793
371.881
369.139
368.941
367.388
369.049
372.119
371.617
369.643
377.420
366.932
369.542
370.690
369.487
371.363
371.150
370.024
371.634
372.070
370.116
371.040
369.965
370.136
370.863
365.217
366.811
370.251
368.838
368.391
369.999
369.618
366.022
368.443
368.842
368.298
369.641
370.542
367.978
370.531
367.963
366.981
369.378
369.588
370.328
369.011
370.515
369.904
368.101
370.020
370.871
369.812
366.534
369.491
370.062
371.191
370.176
368.898
365.259
368.720
370.531
369.928
380.854
368.543
365.344
370.510
369.428
371.428
369.174
368.464
371.868
370.473
370.841
368.046
368.247
368.901
369.579
369.493
366.725
367.586
373.273
366.781
365.708
369.539
370.694
369.725
367.728
370.589
365.274
367.433
371.579
368.115
370.052
368.498
370.494
368.257
370.923
372.704
368.983
371.294
369.188
368.573
369.035
372.280
370.747
367.634
369.095
369.027
371.055
368.555
370.541
364.861
368.756
371.332

Results for RHC: 
Correctly classified 19247.0 instances.
Incorrectly classified 753.0 instances.
Percent correctly classified: 96.235%
Training time: 51.860 seconds
Testing time: 0.092 seconds

Results for SA: 
Correctly classified 17054.0 instances.
Incorrectly classified 2946.0 instances.
Percent correctly classified: 85.270%
Training time: 52.135 seconds
Testing time: 0.092 seconds

Results for GA: 
Correctly classified 19247.0 instances.
Incorrectly classified 753.0 instances.
Percent correctly classified: 96.235%
Training time: 1843.210 seconds
Testing time: 0.093 seconds

inputLayer=16, hiddenLayer=16, outputLayer=1, trainingIterations=500
