
Error results for RHC
---------------------------
7695.924
7799.787
8228.891
7749.316
7711.234
7590.094
7590.094
7590.094
7594.712
7604.932
7585.402
7560.837
7561.610
7560.837
7574.271
7699.829
7514.046
7514.046
6963.099
6723.149
6749.135
6390.235
6390.235
6405.685
6146.969
6146.969
6146.716
6355.033
6372.706
6146.716
6000.810
6024.970
5996.127
6381.720
6032.554
5996.127
5996.127
6152.560
5877.270
5877.270
5877.270
5877.299
5888.047
5599.390
6012.557
5953.484
5609.880
5531.069
5240.299
5433.591
5142.174
4938.547
5205.369
4938.547
4938.548
4938.555
4935.637
5079.553
4535.569
5219.362
3820.767
3820.767
3820.756
4425.177
3672.788
3644.081
3466.147
3465.176
3622.829
3465.176
3459.451
3492.811
3595.642
3452.273
3861.650
3746.329
3606.922
3425.961
3373.352
3393.861
3373.352
3377.028
3413.912
3376.366
3387.261
3826.234
3365.206
3067.901
2347.681
2362.622
2347.681
2347.681
2004.470
1979.871
2034.746
2024.546
1953.090
1854.233
1996.546
1841.408
1725.902
2259.465
2168.222
1723.133
1733.030
1802.826
1778.409
1685.741
1685.741
1685.741
1743.012
1876.417
1409.962
1346.339
1356.406
1327.477
1333.315
1165.996
1160.911
791.649
788.957
743.558
721.240
721.240
721.240
721.240
724.150
722.090
756.885
721.000
790.557
680.616
728.686
680.616
672.727
674.783
688.905
676.275
667.834
647.170
689.125
638.566
620.323
620.323
620.148
620.148
619.291
624.515
626.374
618.431
617.961
613.905
605.920
623.242
615.986
605.920
617.622
607.144
589.663
592.709
590.785
541.178
540.988
527.836
527.836
530.652
527.836
596.043
513.241
507.642
511.608
507.642
540.855
508.225
507.642
574.048
509.853
507.642
497.451
474.835
475.081
473.115
472.862
473.937
471.467
471.577
472.979
471.467
471.496
471.416
461.627
461.627
464.329
462.714
439.525
439.525
438.729
439.899
461.791
436.767
462.640
439.775
436.648
443.011
436.648
435.510
435.287
437.461
436.078
438.032
434.924
435.268
432.030
434.740
406.025
406.013
406.241
406.332
405.839
405.544
405.509
406.039
420.359
412.293
415.243
405.492
405.326
408.774
405.326
405.326
403.497
417.253
423.646
406.292
403.697
403.497
403.512
394.514
397.059
393.784
395.526
392.934
392.934
392.796
392.833
392.796
392.782
393.182
399.141
392.848
392.462
393.854
392.461
392.507
392.555
411.385
395.204
390.968
390.968
381.059
381.059
381.300
381.059
381.059
381.024
381.011
380.980
380.859
380.457
382.955
374.219
373.080
373.140
373.073
372.655
372.643
373.303
372.643
372.643
373.757
372.648
373.771
372.643
372.643
372.508
372.498
372.498
375.635
372.359
371.799
371.798
371.799
371.798
373.125
371.805
372.174
371.581
372.865
368.152
368.151
368.178
368.151
368.135
372.443
367.678
368.932
367.679
367.656
367.720
367.350
367.350
365.515
366.498
364.354
364.354
364.354
364.766
365.102
362.166
362.166
362.161
362.161
362.282
362.163
362.161
362.320
363.306
362.161
370.520
362.161
362.124
362.124
362.124
362.128
368.105
362.828
361.956
361.978
361.954
362.613
361.278
361.278
361.283
361.266
361.262
361.417
361.262
361.940
361.395
362.637
361.262
361.262
361.261
361.163
361.156
361.156
361.156
361.201
361.057
361.058
361.989
361.110
361.993
361.008
360.859
360.766
361.893
360.350
363.913
360.350
361.330
360.338
360.535
368.787
360.279
360.269
360.277
362.897
360.100
360.000
360.000
360.000
359.834
359.835
359.833
359.678
361.843
359.678
359.931
361.591
359.678
359.678
360.597
359.555
360.201
359.556
359.332
359.335
359.332
361.098
359.243
359.240
359.262
359.239
359.437
359.239
359.239
359.239
359.223
359.223
359.219
364.978
359.542
359.213
358.903
364.215
357.930
359.140
357.930
360.111
357.934
357.930
357.930
357.930
357.925
357.924
357.924
358.013
357.925
357.924
357.923
357.923
357.922
357.973
357.922
358.431
357.922
360.379
359.454
357.976
356.114
355.962
355.961
355.972
355.961
354.647
356.206
353.703
353.703
353.278
353.278
353.272
355.155
353.693
353.284
353.272
353.205
353.205
353.183
353.183
354.999
353.175
355.320
353.162
353.162
353.162
353.163
353.160
354.012
354.426
353.160
351.604
351.606
351.604
353.984
351.604
351.604
352.298
351.617
351.604
351.596
352.773
351.596
351.596
351.596
351.596
351.596
351.594
351.594
351.593
351.593
351.593
351.593
351.593
351.593
353.240
351.270
351.270
351.270
352.657
351.584
351.270
351.270
351.270
363.531
351.270
351.270
351.270
351.270
351.617
351.257
351.257
351.257
351.851
351.257
351.335
351.257
351.257
351.257
351.257
347.639
347.643
347.639
347.646
347.644
347.639
347.903
349.847
347.647
347.639
347.639
347.639
348.361
347.639
347.639
347.969
347.639
347.639
347.639
347.630
355.535
351.160
347.119
347.120
347.119
347.119
347.119
347.119
347.119
349.928
352.105
347.118
347.469
346.872
345.853
345.853
345.853
348.065
345.918
345.853
345.920
345.852
345.853
345.853
345.852
345.853
345.852
345.852
345.852
344.054
344.081
344.054
344.054
344.054
344.054
344.054
343.881
343.881
343.881
343.275
343.791
343.275
343.275
347.495
352.429
343.275
343.275
343.275
344.698
343.275
343.275
343.275
343.275
343.275
343.275
343.624
343.275
351.593
343.275
343.558
343.723
343.275
343.275
343.275
343.275
343.258
343.258
343.258
343.245
343.245
343.245
343.709
348.944
345.032
343.371
343.245
343.455
343.245
343.245
343.245
342.868
342.868
357.289
344.173
342.868
342.848
342.848
349.945
342.840
343.024
342.840
344.802
342.840
342.840
344.409
342.822
342.822
343.488
342.822
342.822
346.435
344.405
342.822
342.822
343.323
344.098
347.309
342.822
343.076
342.822
342.822
344.248
342.822
342.822
344.959
342.822
342.822
343.266
342.822
343.403
342.822
344.580
345.845
342.822
342.822
342.822
342.822
342.822
342.822
342.822
342.822
342.752
342.752
342.752
343.012
342.752
342.752
342.752
342.752
342.833
342.752
345.854
342.752
342.752
343.303
344.319
342.752
342.752
342.754
342.752
347.334
342.752
342.737
345.765
342.737
342.737
342.737
343.763
342.737
342.737
342.431
342.431
342.437
342.056
342.056
342.056
351.135
345.116
342.056
342.056
342.100
342.055
345.713
342.055
342.055
342.055
342.055
342.055
342.187
343.575
342.055
342.055
342.055
342.055
342.055
345.979
342.055
342.055
352.607
342.055
343.733
357.741
342.056
342.529
342.055
343.918
342.055
342.055
342.055
342.055
342.055
342.055
342.055
342.055
342.292
344.375
342.444
346.315
342.055
343.109
341.471
342.406
341.471
341.471
347.133
340.992
340.992
340.992
341.018
340.992
340.992
344.062
365.447
340.992
341.327
341.391
340.779
340.779
340.779
340.779
340.779
341.856
340.779
340.779
340.779
340.779
341.372
340.779
340.779
342.028
340.779
340.779
340.779
340.779
340.779
340.779
340.779
340.779
340.779
340.779
340.779
350.522
340.428
355.766
340.428
340.428
341.852
340.428
340.428
343.452
340.428
340.446
340.428
345.521
343.579
341.379
340.991
340.428
340.428
340.531
340.428
343.414
340.428
340.428
340.428
340.427
342.021
343.025
340.427
346.695
340.427
340.427
341.173
340.430
340.427
340.419
340.419
341.810
340.419
342.726
341.777
340.313
340.313
339.273
339.273
339.273
339.273
339.273
339.273
339.273
339.273
338.583
339.067
338.583
338.454
338.519
338.375
338.375
338.375
338.375
338.375
338.864
338.778
338.379
338.140
338.140
338.140
338.140
338.140
338.140
338.140
339.586
338.140
338.238
338.140
338.140
338.470
338.140
339.281
338.140
337.719
337.719
337.719
338.812
337.719
337.719
337.719
337.427
337.427
340.979
337.204
337.204
337.204
337.204
337.204
337.204
337.204
337.204
337.220
337.204
344.300
337.204
344.226
337.204
337.204
337.204
342.351
337.204
337.204
337.204
337.204
342.485
339.392
337.204
337.204
337.204
337.204
337.204
345.245
337.204
337.285
337.204
337.204
337.204
337.199
339.786
337.199
337.199
338.731
337.199
337.199
337.199
337.199
337.198
337.198
337.260
337.198
337.198
336.432
336.432
336.439
336.432
336.432
336.432
340.010
336.402
336.402
336.402
346.554
336.402
336.447
336.402
336.406
336.402
336.402
336.402
337.722
344.870
336.402
341.147
336.402
336.402
336.402
336.402
339.093
336.507
336.402
336.402
336.402
336.402
336.402
339.600
336.402
336.402
341.043
336.402
336.402
336.403
338.463
336.402
336.404
336.402
361.311
338.333
336.402
336.371
336.371
339.228
336.371
336.371
365.079
336.371
336.371
336.371
336.371
336.443
336.371
336.224
336.224
336.224
336.224
336.224
336.224
344.102
335.261
335.261
335.261
335.261
335.261
335.261
335.297
335.261
335.380
335.261
335.261
335.261
335.261
335.261
335.261
359.640
337.137
335.261
335.261
335.261
335.261
335.271
335.261
335.261
335.261
335.261
335.261
335.199
335.330
334.919
334.919
334.919
334.919
334.919
334.919
334.850
334.850
334.850
334.850
334.850
334.850
334.850
334.850
334.850
335.297
340.534
334.850
335.870
334.850
338.030
334.850
334.850
333.252
333.252
333.252
336.333
333.252
333.252
333.252
333.252
333.252
333.252
333.288
336.752
333.252
336.448
333.204
333.204
333.204
333.204
333.451
333.204
333.204
333.204
333.174
333.174
333.174
333.174
333.174
333.468
333.174
333.209
333.170
333.170
333.170
338.455
338.056
341.531
333.170
333.273
333.170
333.364
333.170
333.170
332.903
332.903
332.868
332.868
332.868
334.067
339.903
336.968
339.287
332.861
333.818
332.861
332.861
332.861
332.871
334.409
332.861
335.312
332.980
332.861
332.861
339.611
332.861
332.861
332.861
332.861
332.884
341.074
332.875
333.536
341.276
333.955
332.861
332.861
332.861
332.267
332.267
337.360
332.267
333.643
332.267
332.267
332.267
332.465
332.267
332.267
332.267
332.267
333.511
332.267
332.152
332.152
333.478
332.152
332.152
332.152
358.534
332.152
332.152
332.152
332.152
332.508
332.152
332.152
336.084
332.152
332.152
332.116
332.116
332.116
332.116
332.857
332.116
332.116
332.116
332.116
332.097
332.097
332.097
332.097
332.097
332.097
336.744
332.097
332.097
337.676
332.097
332.097
332.872
333.732
332.097
333.344
332.068
332.068
332.068
334.383
332.068
331.871
341.322
331.871
331.871
331.085
331.085
331.085
331.085
331.085
331.085
336.880
331.106
331.085
331.085
331.085
331.085
360.851
331.085
331.085
331.085
331.085
331.176
331.085
331.167
331.085
331.148
331.085
352.151
331.085
331.085
331.085
331.085
331.085
330.860
333.028
330.860
330.860
330.860
331.018
330.860
331.554
330.860
330.860
334.509
334.069
332.024
330.860
330.860
330.860
333.565
330.860
330.860
338.062
330.860
330.860
335.174
330.860
330.860
330.860
330.860
330.860
330.860
330.860
330.860
331.198
330.860
330.860
330.860
333.325
330.860
330.860
330.860
332.263
330.860
330.860
330.860
330.860
330.860
330.860
331.139
335.094
334.314
330.860
330.860
330.597
330.597
344.984
333.044
330.597
330.597
331.121
330.597
358.076
340.851
330.597
330.597
330.597
330.597
330.597
330.597
330.597
330.322
333.017
330.185
341.364
332.936
329.961
329.937
329.937
329.937
331.893
331.376
329.937
329.937
329.937
329.937
329.937
348.041
329.937
329.937
329.937
329.937
329.937
330.041
331.620
329.937
329.949
329.937
329.872
329.872
329.872
329.872
329.763
329.763
330.439
329.763
329.763
330.206
333.659
329.763
329.763
329.763
329.763
329.180
329.728
329.180
330.106
329.180
329.180
331.939
329.180
329.180
329.180
329.180
329.180
329.615
329.180
331.097
329.180
329.180
329.788
329.752
329.180
330.231
329.180
329.180
329.180
329.242
329.180
329.180
343.259
329.603
338.583
329.207
329.180
329.180
329.459
329.180
329.180
328.889
328.889
329.606
328.889
328.889
328.889
328.889
328.889
328.889
330.322
340.434
328.889
328.889
328.889
337.664
328.889
328.889
328.889
329.859
329.339
329.704
327.069
327.069
331.321
327.069
327.069
364.382
329.697
329.782
327.069
327.069
328.753
327.069
327.069
327.069
327.069
327.069
332.226
344.708
331.671
328.704
327.069
327.069
327.069
326.858
326.858
326.156
324.803
324.803
326.477
324.803
324.803
324.803
325.269
328.406
324.803
324.803
324.803
332.867
326.652
324.803
324.937
333.872
324.803
324.803
325.067
326.555
328.925
325.829
324.635
324.635
324.635
324.635
325.247
324.635
326.396
324.635
324.635
325.028
324.635
324.635
324.635
324.635
328.308
327.559
324.635
324.635
324.423
324.423
324.423
326.976
324.447
332.782
324.423
324.423
324.423
324.423
326.475
324.423
324.423
325.455
326.224
324.423
324.423
324.185
324.996
324.138
324.138
324.138
324.138
324.138
324.138
332.661
323.268
323.672
323.268
323.268
323.268
323.268
322.723
322.723
327.253
322.723
322.723
322.723
322.723
323.425
330.505
325.993
322.723
322.723
322.723
322.723
322.723
326.002
322.723

Error results for SA
---------------------------
6477.453
6458.326
6472.241
6479.766
6479.765
6479.789
6479.789
6501.310
6501.115
6500.586
6500.586
6540.132
6541.364
6853.804
6852.988
6862.581
6883.827
6878.721
6879.965
6730.088
6888.573
6878.896
7559.747
7547.274
7547.275
7574.498
7335.991
7340.265
7363.344
7367.736
7498.061
7475.819
7475.819
7347.840
7363.665
7363.665
7369.170
7423.348
7424.740
7429.045
7396.820
7412.143
7416.737
7411.210
7583.822
7588.640
7588.640
7588.639
7247.985
7188.107
7192.543
7047.149
7047.982
6869.186
6807.502
6809.840
6808.781
6811.876
6811.955
6811.956
6811.958
6791.879
6791.879
6790.720
6789.862
6789.862
6792.775
6793.991
6795.402
6787.254
6785.940
6785.941
7130.766
7137.839
7137.839
7094.960
7094.960
7149.749
6399.805
6153.283
6153.327
6161.741
5595.708
6501.072
6501.048
6501.048
6495.141
6518.321
6518.321
6535.915
6529.190
5494.445
5556.459
5557.042
5575.150
5665.146
5660.823
5660.850
5651.043
5651.043
5651.043
5651.013
5651.013
5654.769
5639.222
5755.772
5737.285
5737.285
5758.608
4827.693
4828.124
5270.340
5270.357
5246.277
5246.068
5245.431
5244.310
5243.837
5240.879
5023.427
5033.803
5020.438
5264.837
5264.837
5234.303
5661.313
5642.809
5642.592
5637.796
5631.047
5562.499
5575.291
5588.922
5784.564
5791.352
5788.154
5782.331
5782.348
5769.503
5770.419
5776.279
5996.447
6004.453
6043.720
6235.218
6235.218
6250.437
6744.304
5601.458
5601.485
5625.092
5567.396
5567.310
5559.407
6081.632
5879.789
5863.134
5864.713
5861.089
5862.304
5606.034
5878.722
5865.993
5868.188
5872.451
5872.461
5896.113
5897.599
5897.599
5900.102
5916.634
5969.698
5969.698
5969.698
5969.698
5950.617
5919.294
5981.266
5976.521
5976.591
5972.399
6139.796
5919.476
5921.601
5921.754
5923.523
5923.520
5923.520
5916.316
5916.316
5913.069
5913.118
5913.118
5913.118
5913.176
5977.977
5977.977
6190.555
6190.485
6190.485
6190.484
6190.479
6190.479
6191.183
6189.303
6189.146
6769.759
6711.955
7034.957
7034.958
7046.558
7046.558
6471.294
6471.294
6471.294
5891.810
5891.811
5885.915
5886.191
4861.210
4849.180
5006.367
5008.321
4671.931
4671.931
4294.058
4292.589
4602.653
4602.653
4606.436
4604.683
4363.840
3649.326
3225.759
3246.322
3247.495
3247.495
3247.524
3349.110
3347.026
3458.112
3458.112
3458.378
3458.378
3529.000
3805.196
3805.196
3805.196
3805.196
4585.762
4531.607
4273.699
4273.699
4278.727
4278.727
3730.017
3729.578
3729.578
3725.920
3718.166
3725.007
3649.072
3684.125
3632.201
3632.201
3321.494
3322.521
3322.523
3322.523
3259.376
3212.143
3212.143
3215.426
3215.551
3215.522
3171.742
3143.639
3240.344
3396.982
3396.802
3396.096
3674.585
3669.484
3810.266
3810.266
3803.508
4039.184
4039.231
4039.231
4038.622
4038.231
4042.882
4042.882
4038.337
3477.577
3445.979
3446.106
3732.177
3661.656
3661.656
4863.395
4804.903
4804.903
4722.914
4781.730
4210.089
4210.135
4210.135
4210.135
4210.135
4210.135
4210.135
4216.494
4286.800
4194.502
4194.506
4194.506
4194.506
4194.777
3843.313
3860.014
3860.014
3860.013
3866.540
4217.448
4217.453
4210.899
4211.260
4211.260
4145.351
4145.351
5122.177
5122.188
5122.188
5131.559
5115.519
5114.466
5114.466
5115.440
5115.440
5055.577
5055.577
5055.577
5059.709
5037.277
5034.251
5034.251
5034.437
5017.699
5017.699
5433.571
5433.571
5433.572
5427.245
5427.244
5426.840
5426.840
5427.907
5427.907
5462.368
5469.362
5469.362
5504.883
5601.830
5601.827
5602.015
5602.010
5607.113
5605.862
5605.862
5605.866
5604.960
5579.885
5785.376
5785.376
5785.375
5815.696
5815.696
5815.426
5778.532
5747.357
5939.509
5891.040
5949.041
5949.041
5949.435
5959.815
5953.068
5885.011
5880.798
5880.799
5892.682
5885.753
5869.103
5671.516
5671.516
5671.516
5672.862
5679.393
5681.277
4841.689
4845.057
4806.016
4806.016
4806.016
4869.058
4869.058
4892.902
4887.407
4888.952
4888.957
4944.830
4944.830
4942.317
4727.674
4727.674
4729.171
4761.565
4797.375
4818.109
4871.339
3988.993
3999.084
4113.764
4113.764
4113.764
3985.955
3939.702
3939.702
3937.705
3937.687
3937.685
3959.454
3959.454
3959.456
3959.456
3938.302
3937.412
3937.412
4037.736
4037.297
3238.347
3238.347
3238.347
3240.236
3233.377
3232.183
3232.183
3003.811
3007.923
3096.142
3031.083
3000.767
2994.448
2993.599
3000.183
3000.183
2994.178
2974.530
2973.932
3148.836
3139.034
3139.034
3139.034
3139.034
3139.033
3139.033
3147.675
3218.221
3218.563
3218.484
3219.997
3219.989
3226.755
3225.593
3225.457
3224.394
3264.203
3260.816
3260.816
3264.234
3264.061
3265.906
3263.879
3240.364
3233.992
3233.992
3291.660
3295.516
3295.516
3282.305
3450.251
3445.751
3445.751
3445.751
3441.597
3437.369
3437.369
3724.627
3724.627
3734.694
3734.694
3732.179
3732.179
3712.392
3719.592
3738.849
3761.365
3604.825
3604.825
3594.332
3610.176
3509.781
3509.364
3509.048
3336.700
3339.198
3336.367
3323.989
3322.585
3322.894
3319.292
2588.616
2575.174
2563.683
2563.683
2564.177
2567.113
2563.246
2563.246
2562.465
2561.372
2593.009
2595.352
2595.375
2568.750
2568.750
2569.960
2637.558
2638.403
2614.787
2612.964
2612.964
1883.140
1704.681
1699.806
1692.451
1693.730
1696.448
1643.688
1613.023
1613.023
1609.387
1614.691
1613.370
1613.040
2038.468
2038.411
2038.411
2038.411
2038.428
1984.485
1985.590
1985.583
1984.545
1984.545
1882.962
2235.731
2207.882
2325.367
3274.786
3274.786
3318.331
2521.912
2522.667
2583.896
2583.896
2550.899
2550.881
2159.759
2102.531
2103.072
2668.150
2760.394
2655.474
2760.150
2747.670
2780.690
2697.533
2697.533
2697.466
2715.470
2795.927
2798.489
2777.825
2780.882
2778.325
2778.325
2778.766
2951.641
2935.337
2935.064
2942.961
2942.961
2924.432
2923.430
2911.355
2911.355
2788.010
2794.018
2794.018
2633.425
2633.425
2610.731
2649.631
2649.631
2649.631
2649.636
2649.636
2649.636
2677.752
2684.057
2691.176
2691.268
2690.790
2689.676
2689.676
2686.915
2698.066
2834.271
2871.773
3024.388
3013.785
3029.140
3029.140
3014.271
3009.748
3009.748
3009.748
3009.751
3009.751
3006.313
3006.312
3008.026
3010.751
3010.735
2949.834
2965.146
2965.146
2965.146
2964.640
2962.633
3115.844
3115.844
3131.881
3131.881
3131.893
3136.743
3142.186
3142.186
3141.645
3205.945
3185.889
3186.302
2659.620
2659.620
2659.015
2615.930
2618.632
2663.970
2741.257
2533.787
2533.787
2699.963
2560.219
2560.219
2560.219
2452.520
2452.520
2452.520
2438.625
2490.399
2490.399
2490.399
2490.399
2490.625
2490.639
2490.155
2490.155
2449.547
2482.897
2450.043
2459.434
2459.505
2455.080
2385.483
2382.465
2382.450
2332.786
2313.201
2313.178
2310.384
2275.470
2275.484
2275.440
2523.131
1877.569
2064.995
1877.569
1877.501
1877.501
1853.709
1857.427
1856.745
1856.747
1853.917
1838.733
1838.831
1838.831
1838.831
1810.634
1821.236
2310.501
1833.872
1835.845
1821.236
1818.437
1648.781
1648.963
1372.341
1371.824
1371.823
1370.474
1395.766
1370.475
1305.482
1305.482
1730.273
1305.740
1306.761
1501.094
1306.761
1306.761
1333.128
1307.524
1311.719
1305.126
1284.100
1283.254
1283.793
1280.858
1281.105
1281.105
1308.992
1264.628
1264.629
1265.449
1265.449
1265.449
1260.688
1260.688
1260.004
1260.003
1260.003
1259.829
1258.815
1259.035
1059.446
1059.446
1065.338
1058.802
1080.190
1049.971
1049.974
1013.992
1013.992
1013.993
997.776
997.709
979.353
736.394
736.394
735.320
735.320
735.338
735.387
735.253
735.253
578.943
578.943
578.942
588.142
578.818
578.818
576.590
576.297
576.297
576.418
559.621
586.845
559.611
559.358
561.910
559.358
559.358
559.358
507.117
507.119
507.117
507.117
507.025
503.493
492.572
492.450
492.450
489.647
489.552
489.194
489.193
491.501
489.189
489.184
489.184
583.730
489.184
492.290
489.208
474.462
474.462
474.505
474.462
476.754
474.416
479.185
467.627
467.627
467.627
462.388
463.647
462.391
462.216
462.197
450.990
450.990
451.034
450.933
450.897
448.806
447.867
447.235
446.852
446.852
446.852
445.318
417.994
419.851
416.259
411.423
411.133
411.133
411.150
411.117
411.128
416.495
411.119
411.116
411.096
411.109
411.096
410.982
412.109
411.115
410.969
407.880
407.874
407.890
407.874
407.594
398.529
398.529
391.520
391.351
391.436
391.351
391.352
390.409
390.409
389.763
389.808
389.826
389.824
389.762
389.762
389.762
389.774
387.242
386.764
374.571
374.533
374.533
376.094
373.851
373.795
374.175
373.795
373.795
373.795
374.539
373.759
373.759
373.761
373.774
373.752
372.444
373.040
371.634
371.960
371.663
369.556
369.556
369.813
369.556
369.556
369.552
369.553
369.553
369.974
366.075
366.075
366.008
366.171
366.037
366.123
365.955
365.955
365.955
365.955
365.665
365.662
366.641
365.855
365.218
365.205
365.205
367.938
365.209
365.120
365.106
365.143
365.098
364.028
364.312
364.014
363.957
363.957
363.175
363.172
363.169
363.201
363.089
363.114
363.179
365.742
363.088
363.077
363.077
363.077
363.077
363.041
363.962
362.963
363.021
362.981
362.963
362.962
362.906
362.829
363.057
362.829
362.831
362.830
362.829
363.031
362.831
362.828
362.828
362.765
362.670
362.520
363.100
364.386
363.136
361.525
361.523
361.519
361.518
361.523
361.380
362.063
361.623
361.925
361.501
361.380
361.057
361.057
360.979
360.987
360.979
360.979
361.305
360.952
360.952
360.766
360.766
360.766
360.762
360.762
360.747
363.264
360.457
368.065
360.812
363.504
361.723
360.457
360.447
360.450
360.431
360.521
360.431
360.447
360.631
360.429
360.431
360.356
360.391
360.449
360.356
360.582
360.356
360.423
360.355
360.355
360.356
360.402
360.896
360.355
362.159
360.355
360.349
360.415
360.392
360.350
360.347
360.347
360.347
360.347
360.348
360.347
360.347
360.342
360.370
357.262
360.878
357.262
357.253
357.252
357.252
357.312
357.413
357.252
357.251
361.464
357.251
357.251
356.633
355.582
355.445
355.445
356.378
355.449
355.445
355.480
355.435
355.435
355.356
355.163
358.381
355.751
355.163
355.164
355.163
355.119
355.165
355.119
355.119
355.119
355.119
355.146
355.075
355.075
355.275
355.128
355.038
355.392
354.995
355.000
355.840
355.031
355.056
355.056
355.120
354.881
355.479
354.750
354.753
354.754
354.750
354.750
354.705
354.705
354.705
356.180
358.006
355.246
354.290
354.449
354.226
354.226
354.225
354.226
354.215
354.187
354.297
354.187
353.966
353.898
353.898
353.898
353.898
353.898
353.898
353.898
355.665
353.830
353.831
353.802
353.803
353.817
353.802
353.802
353.802
353.802
353.934
353.802
353.802
353.905
353.802
353.709
353.709
353.858
353.752
353.709
353.709
353.731
353.709
353.792
354.706
353.709
353.709
353.709
353.624
354.357
353.624
354.146
353.578
353.578
355.469
353.567
353.595
353.567
353.567
353.567
353.649
353.605
353.563
353.563
353.500
353.971
353.037
353.037
353.037
353.037
353.037
353.651
357.050
353.037
353.030
353.030
353.030
353.030
353.030
353.030
353.752
353.030
353.013
353.030
353.013
352.599
352.599
352.583
352.583
352.583
353.358
352.604
352.583
352.583
352.583
352.920
352.583
352.583
352.583
352.477
352.477
353.960
352.477
352.477
352.488
352.995
352.477
352.477
352.477
352.477
352.472
352.472
352.472
352.472
352.472
352.799
352.472
352.472
352.472
352.472
352.688
352.472
352.472
352.410
352.402
352.402
352.402
352.065
352.057
352.057
352.057
351.972
352.076
351.972
352.007
351.972
351.955
351.949
351.949
351.949
351.949
351.949
353.089
351.949
353.614
351.747
353.983
351.725
351.725
351.807
351.725
351.725
351.725
351.858
351.725
351.746
353.267
351.724
351.723
351.723
351.732
351.834
351.723
351.723
355.961
353.877
351.723
351.723
351.723
351.723
351.723
353.976
351.723
351.925
352.414
351.354
351.354
352.889
351.354
351.544
351.354
355.122
351.353
353.241
351.353
351.353
351.353
351.353
351.353
351.194
354.129
351.194
351.582
351.194
351.194
351.384
351.194
351.194
350.801
350.301
350.316
350.830
350.372
350.301
350.301
350.301
350.301
350.301
350.427
350.301
350.301
350.301
350.301
353.604
350.301
354.725
350.301
350.420
349.397
349.397
349.397
349.397
348.569
348.569
348.569
348.569
348.569
348.569
348.625
348.569
348.578
348.564
348.586
348.564
348.564
348.564
348.564
348.564
362.359
348.564
348.591
348.660
348.564
348.632
348.573
348.537
348.690
348.537
348.537
348.537
348.537
348.537
348.533
348.533
348.533
348.558
348.534
348.624
348.579
348.527
348.527
348.527
348.527
348.536
348.527
348.527
348.527
352.272
348.527
348.527
343.817
343.817
343.817
343.817
343.817
343.817
343.817
344.387
343.818
343.817
352.308
343.817
343.817
343.922
343.817
343.887
343.817
343.817
343.814
343.814
343.814
343.814
345.794
343.991
344.213
343.824
344.151
343.814
345.565
351.312
343.814
343.814
344.199
343.814
343.814
343.814
343.814
344.360
345.362
343.793
343.793
343.968
343.793
343.793
342.331
342.451
342.422
342.331
342.324
342.324
348.870
342.240
342.240
342.240
342.240
342.368
344.127
342.201
342.201
349.235
342.201
342.201
342.201
342.201
342.201
342.201
342.201
353.690
362.237
342.118
342.118
342.118
342.118
342.118
342.118
342.119
342.185
342.118
342.158
341.659
342.223
341.659
341.709
341.713
341.659
342.044
341.672
341.659
341.659
341.659
341.659
342.092
341.659
341.659
341.659
341.659
341.862
341.659
342.228
341.659
341.659
341.659
341.659
341.659
341.659
341.852
341.659

Error results for GA
---------------------------
1349.142
572.915
1026.404
2967.524
701.830
633.237
746.870
702.604
2359.027
1824.986
2173.652
658.684
762.740
564.633
875.811
457.008
2173.392
705.108
1350.266
442.872
429.803
379.762
400.929
518.775
433.106
414.858
474.335
884.667
592.487
925.249
372.830
364.359
379.113
369.177
602.491
368.128
462.046
479.155
487.725
383.864
364.707
504.971
423.070
404.149
454.129
384.263
456.245
364.179
382.855
414.443
369.694
1521.766
365.523
449.586
366.037
383.914
377.472
366.584
362.466
372.793
373.398
444.976
425.244
390.567
364.939
367.111
381.936
408.646
370.057
419.944
371.351
369.221
371.750
530.215
369.117
383.289
358.415
381.186
479.774
366.870
364.200
366.980
366.851
372.069
369.310
368.978
369.665
368.030
361.955
365.618
362.928
362.623
369.032
364.705
368.860
365.696
370.399
367.375
661.448
363.928
371.817
371.661
367.809
372.154
405.502
364.197
367.120
367.342
373.738
368.182
368.942
368.163
370.753
367.024
372.124
384.052
364.258
372.306
364.824
365.869
368.747
359.362
365.179
365.375
372.248
370.722
369.964
363.923
362.895
366.123
366.301
366.291
362.545
369.566
361.781
367.192
361.637
369.825
362.310
364.649
373.373
371.606
370.748
362.978
372.816
365.402
365.038
365.115
371.883
365.455
365.080
369.017
362.752
369.411
367.566
365.908
371.214
362.803
366.644
369.766
365.638
368.321
361.559
365.084
368.706
374.374
364.903
368.770
366.758
371.737
362.687
358.987
367.406
368.487
366.784
362.500
368.726
365.659
368.331
365.527
364.176
366.259
366.272
366.701
368.141
368.910
366.538
364.142
369.231
365.917
361.753
366.062
365.054
364.225
364.829
365.575
367.966
367.788
366.672
367.185
369.630
362.538
363.840
369.236
367.095
364.286
363.352
362.793
372.063
368.883
363.612
368.819
368.309
364.687
365.078
364.069
359.491
363.229
388.525
750.621
363.341
366.539
369.243
363.673
369.205
363.962
366.145
378.597
364.168
379.299
369.375
393.208
360.234
363.201
366.059
367.822
367.134
365.696
365.640
365.422
367.300
364.350
378.272
365.897
361.331
360.147
363.219
368.416
361.699
365.717
363.905
369.240
365.315
365.826
367.010
363.748
358.139
367.337
363.663
370.547
360.484
368.966
368.191
362.608
363.889
366.401
366.298
366.796
362.559
361.628
370.798
360.064
364.609
367.715
369.014
366.673
366.083
366.251
368.238
375.840
367.751
365.694
363.454
371.759
366.213
370.108
367.874
366.994
365.914
366.938
365.909
364.006
368.831
367.659
368.318
364.910
369.487
369.535
365.433
370.006
367.144
372.377
368.388
367.373
369.222
365.264
366.581
370.454
368.614
369.327
367.213
369.077
367.687
369.548
368.763
366.642
368.088
372.554
362.206
364.805
372.597
368.820
369.063
367.017
369.115
367.057
364.881
371.486
365.904
367.329
364.344
368.486
366.125
367.698
368.314
368.810
369.169
365.263
368.374
363.910
366.945
367.004
368.221
365.026
370.295
369.187
366.738
367.791
369.813
375.895
368.079
366.128
369.122
367.639
365.158
372.289
366.726
369.379
367.866
366.872
366.563
364.301
367.358
366.994
366.704
368.407
367.874
368.400
367.379
367.434
370.457
363.797
370.741
369.024
365.027
366.112
365.945
368.427
365.514
366.839
366.267
365.481
373.327
365.598
368.794
367.276
372.816
367.572
367.825
364.454
365.984
366.350
368.557
369.890
382.963
366.906
368.938
367.740
365.778
366.709
366.197
366.358
362.527
364.674
369.111
364.480
367.271
367.099
366.528
368.757
366.861
366.274
364.135
368.266
367.098
366.149
367.078
367.254
368.174
368.727
362.817
367.998
365.389
368.023
367.503
369.543
366.289
377.261
366.289
371.651
365.933
367.619
364.587
366.915
367.490
367.846
369.787
363.240
368.307
366.022
368.230
367.376
366.135
368.320
367.598
365.978
364.624
371.565
365.926
367.016
366.385
366.834
370.137
366.239
366.479
368.286
368.884
368.211
366.167
368.812
366.419
361.527
369.782
367.293
368.418
367.890
365.260
363.255
364.045
365.755
366.268
365.958
367.540
365.444
365.936
365.144
366.084
366.265
365.975
365.363
366.640
367.703
366.025
365.545
367.223
373.491
366.376
369.080
367.457
369.950
365.648
365.930
365.320
365.913
364.604
364.987
366.735
364.444
362.726
365.616
363.674
366.915
368.576
367.059
362.905
364.933
367.162
377.728
367.118
364.718
368.351
365.120
367.936
365.953
364.575
362.926
366.154
363.958
365.629
367.458
362.959
367.455
364.061
365.619
363.031
365.308
366.372
366.392
364.257
366.552
366.439
366.453
370.724
365.890
363.143
366.039
369.456
363.919
366.729
367.345
362.431
361.532
366.415
364.764
363.959
365.225
364.997
364.776
364.849
364.542
364.952
364.291
365.496
363.151
364.464
364.179
362.049
360.915
359.517
370.441
364.947
362.587
373.871
362.213
363.699
361.699
363.970
364.629
363.400
360.975
364.186
362.824
366.105
366.452
363.349
364.927
362.742
360.038
361.686
365.940
365.807
365.702
365.569
363.111
362.527
363.423
365.247
363.169
363.109
363.729
364.455
363.327
364.310
364.268
364.646
361.861
363.078
363.089
367.219
362.673
366.532
362.051
367.283
363.687
363.509
362.067
367.071
363.508
362.859
364.011
363.274
361.796
363.628
363.271
363.717
361.625
363.131
360.389
362.936
359.333
364.177
365.261
361.233
364.054
362.105
363.231
360.203
363.906
361.996
364.102
360.576
363.828
359.791
362.887
363.972
361.206
359.647
357.364
365.360
360.494
364.610
373.642
363.026
365.542
364.928
363.506
358.169
363.972
362.275
363.327
364.191
365.759
362.672
363.606
361.762
363.529
364.949
356.897
360.798
362.149
363.318
363.217
363.136
364.473
362.702
358.097
367.246
365.462
364.250
364.925
364.692
367.223
366.716
361.871
365.519
364.290
359.351
369.578
363.688
364.747
360.313
359.598
362.922
356.878
365.144
364.058
362.820
356.707
364.455
362.817
359.434
362.538
361.925
362.751
357.614
360.202
359.678
364.534
360.830
363.650
364.051
362.781
362.123
362.387
365.617
361.877
357.592
362.908
364.228
357.735
360.654
357.374
364.427
363.376
363.556
369.789
365.201
365.631
378.166
363.703
359.631
363.085
363.181
360.775
362.125
364.616
355.705
360.734
355.705
365.095
362.830
355.496
364.667
363.514
361.920
364.249
364.920
361.450
363.327
361.334
364.970
364.642
361.128
361.724
362.999
356.199
361.431
362.554
366.781
362.963
362.458
364.480
364.973
366.079
363.786
364.472
363.719
363.500
363.527
363.364
365.465
360.893
364.277
362.401
362.382
362.802
361.824
361.325
359.467
364.940
365.197
364.424
363.328
354.943
364.061
365.503
363.164
367.792
364.361
365.662
362.385
360.816
364.947
356.733
367.296
361.713
362.285
362.531
362.851
365.187
361.594
363.375
363.687
365.468
365.369
364.088
361.103
358.682
359.708
362.877
363.084
363.198
362.446
358.093
363.114
363.220
364.822
360.964
364.494
355.089
359.542
360.905
363.239
369.550
362.344
363.487
362.689
363.428
362.903
354.846
362.525
360.233
361.722
364.822
362.276
362.527
361.592
362.259
359.761
357.437
358.988
362.661
399.558
361.480
359.726
361.809
364.143
366.026
360.171
359.102
361.606
365.538
360.926
360.609
362.141
357.979
360.155
354.572
360.887
362.055
360.645
360.695
360.084
361.857
358.638
364.651
364.529
360.123
359.912
365.987
357.064
361.056
363.223
367.062
363.337
367.364
365.149
361.338
365.051
362.929
364.076
369.760
364.738
357.171
365.245
361.084
364.086
364.944
356.849
354.019
357.231
361.975
360.578
362.466
365.971
357.455
364.933
359.005
360.572
366.331
359.796
366.512
358.764
372.571
367.275
356.437
363.581
357.227
355.395
354.479
366.079
356.975
361.290
358.838
358.452
362.062
362.477
361.533
369.336
361.364
364.488
363.429
358.142
364.561
367.894
358.001
361.281
366.203
369.083
356.743
359.954
365.617
360.937
359.863
355.809
355.609
361.936
356.499
359.948
359.049
365.400
362.229
361.494
357.032
358.905
358.578
357.687
354.790
366.664
364.594
358.242
363.678
359.345
363.047
361.668
358.339
355.439
359.520
354.593
363.298
355.581
360.670
351.622
363.764
361.385
359.095
355.683
357.247
354.537
355.558
359.214
357.849
357.671
365.005
354.958
358.595
356.647
357.606
357.064
359.535
356.256
355.013
359.585
356.790
359.097
359.348
358.962
355.783
358.282
362.293
355.028
355.795
355.413
358.887
358.711
357.709
356.025
358.020
361.983
358.506
349.867
360.314
360.857
355.044
357.077
360.728
363.633
358.613
357.052
360.506
358.352
358.498
360.085
358.269
353.976
358.009
357.119
355.529
357.238
357.858
357.852
360.607
359.287
359.412
358.316
357.905
359.253
363.455
351.862
359.580
355.687
356.458
359.010
355.158
359.531
363.587
356.953
352.532
356.587
358.844
356.535
358.016
359.247
361.325
355.046
356.610
358.175
361.931
356.417
357.401
359.451
356.788
356.377
363.620
354.554
356.823
355.822
358.912
374.962
359.205
355.009
355.508
364.099
364.925
360.783
354.913
356.003
356.105
355.740
355.675
355.028
360.447
354.237
355.232
357.005
358.193
353.499
360.631
363.352
357.208
357.215
367.913
359.725
359.101
359.985
354.765
354.642
352.816
358.885
358.714
357.656
357.199
359.428
370.870
355.623
356.167
366.845
358.717
361.790
371.644
368.040
359.656
360.656
361.398
369.728
357.004
379.012
355.144
356.317
397.269
358.441
358.688
362.098
368.846
361.278
356.342
359.259
357.614
355.176
357.189
356.149
361.412
377.519
358.938
357.064
364.304
359.275
356.763
372.968
356.241
359.434
359.927
358.085
354.716
388.398
356.048
361.751
356.619
355.908
355.774
357.779
357.238
357.561
358.270
358.529
354.207
356.210
357.090
356.086
356.324
355.971
357.579
354.690
358.904
354.428
356.238
355.586
356.388
353.022
357.255
356.290
356.173
358.003
358.367
354.488
359.559
356.423
359.531
354.780
356.347
356.988
355.754
357.403
356.329
354.757
355.503
359.563
355.620
358.223
358.236
356.130
360.402
357.815
359.715
358.899
357.308
359.652
357.481
363.100
358.290
355.824
356.952
356.479
359.235
355.394
356.731
356.989
356.506
354.275
356.936
358.495
356.325
356.864
355.272
360.886
355.919
358.554
354.398
359.862
355.851
357.352
356.992
359.788
356.870
356.049
361.474
360.633
355.509
357.787
357.094
355.920
357.638
358.572
359.106
361.497
358.517
354.348
357.323
355.009
354.928
359.212
359.149
357.577
359.448
359.296
354.991
358.712
356.244
354.695
357.815
355.441
357.120
354.994
358.373
355.690
355.159
360.637
358.498
357.538
354.551
356.691
354.895
357.330
357.610
355.781
356.549
358.117
355.133
354.631
358.045
355.091
354.818
354.349
354.946
355.568
354.989
359.550
359.233
357.831
359.351
356.306
357.434
354.644
359.689
359.381
361.133
355.248
355.018
355.277
355.737
362.741
358.728
354.816
357.434
354.389
358.515
360.667
354.735
356.189
356.727
364.922
354.800
355.473
355.985
356.152
356.552
356.509
358.739
354.860
354.952
356.106
355.427
355.934
357.323
357.788
357.197
356.170
356.487
358.513
356.710
355.599
355.642
360.983
354.304
359.478
354.551
356.142
355.586
356.463
354.731
355.923
355.932
355.182
355.398
355.354
356.316
355.628
356.892
356.872
354.833
360.676
355.846
357.577
354.686
356.414
357.561
355.454
354.129
356.234
360.646
355.738
355.341
356.278
357.810
357.154
354.515
356.835
358.885
359.492
355.317
354.449
357.089
355.925
358.705
355.759
358.553
357.618
356.153
355.942
357.912
374.355
354.855
355.819
358.933
359.002
356.006
357.331
356.913
355.723
354.867
360.481
356.714
358.434
361.151
357.304
357.578
354.958
357.072
359.681
355.931
356.485
355.131
357.643
354.737
357.846
355.666
355.188
362.308
360.135
354.769
362.581
357.309
356.584
359.140
357.705
354.937
355.532
355.635
355.671
357.204
361.789
355.200
360.517
357.813
356.909
356.251
357.750
359.879
357.268
356.719
357.998
356.227
359.744
360.565
355.774
360.873
358.227
357.187
358.002
359.123
356.098
354.944
360.051
357.480
356.696
355.327
359.890
355.033
356.742
357.435
360.139
359.673
365.564
359.273
361.065
355.171
361.852
359.283
359.136
364.190
356.802
357.690
356.348
360.155
357.763
357.567
359.192
360.794
357.731
358.154
358.475
360.087
359.382
356.245
364.439
355.675
356.420
361.867
357.211
367.454
357.434
355.949
364.326
357.586
356.920
361.811
356.692
358.569
357.120
360.075
358.496
356.237
359.869
356.182
360.045
357.744
357.269
359.687
355.708
364.823
361.022
356.800
362.094
357.045
359.472
358.394
362.545
359.292
356.823
359.070
357.049
357.001
361.059
361.176
356.339
358.312
359.393
357.666
356.243
356.737
358.851
357.503
360.471
359.515
358.739
357.514
356.745
355.549
362.025
357.114

Results for RHC: 
Correctly classified 19247.0 instances.
Incorrectly classified 753.0 instances.
Percent correctly classified: 96.235%
Training time: 156.354 seconds
Testing time: 0.093 seconds

Results for SA: 
Correctly classified 19247.0 instances.
Incorrectly classified 753.0 instances.
Percent correctly classified: 96.235%
Training time: 155.313 seconds
Testing time: 0.090 seconds

Results for GA: 
Correctly classified 19247.0 instances.
Incorrectly classified 753.0 instances.
Percent correctly classified: 96.235%
Training time: 5494.317 seconds
Testing time: 0.106 seconds

inputLayer=16, hiddenLayer=16, outputLayer=1, trainingIterations=1500
