
Error results for RHC
---------------------------
2933.126
2903.194
2898.702
2796.164
2801.914
2982.168
2800.957
2796.164
2786.346
2786.346
2786.370
2786.346
2705.116
2730.213
2707.647
2703.709
2839.395
2625.330
2521.690
2382.512
2404.671
2351.464
2413.917
2345.501
2266.539
2257.808
2260.059
2839.705
2257.788
2263.788
2257.785
2263.594
2257.785
2256.577
2547.721
2256.577
2225.736
2228.077
2225.736
2268.530
2210.724
2217.662
2313.001
2175.552
2168.404
2168.404
2170.119
2221.387
2168.404
1941.499
1939.615
2037.098
1939.615
1939.572
1963.791
1868.420
1874.626
1868.420
1892.482
1858.320
1813.639
1783.287
1783.524
1775.299
1794.684
1777.238
1679.511
1726.705
1533.883
1533.878
1606.313
1389.866
1387.935
1387.863
1390.411
1479.417
1387.193
1385.283
1381.422
1386.188
1381.422
1381.422
1388.652
1433.723
1382.421
1379.540
1375.943
1365.691
1686.972
1368.371
1362.043
1394.415
1363.680
1373.355
1352.568
1352.568
1352.568
1749.830
1352.968
1366.221
1418.992
1286.140
1304.185
1286.751
1277.343
1149.075
1133.836
1133.836
1103.294
1125.099
1103.316
883.139
871.240
871.104
871.104
886.455
806.886
806.869
801.639
843.817
799.287
800.130
765.940
761.156
762.679
786.806
727.157
1008.524
727.533
724.763
715.508
742.732
713.478
713.480
710.875
699.821
699.704
700.038
703.653
704.263
683.422
680.403
679.942
680.479
679.942
679.906
679.725
670.257
670.259
670.257
672.723
670.257
642.538
642.738
642.538
663.399
644.948
642.067
642.067
612.273
618.790
656.590
609.755
611.696
609.426
607.819
602.774
602.143
602.899
619.019
601.347
604.363
600.000
599.963
601.910
603.703
614.389
601.390
598.710
600.225
610.424
609.672
598.710
598.710
596.268
588.363
591.107
588.363
588.363
588.363
560.221
560.221
554.236
529.338
529.472
529.546
528.122
528.284
535.312
517.798
512.958
503.366
510.016
499.372
500.187
505.471
499.154
480.593
467.409
454.480
454.522
454.479
454.479
471.329
448.434
452.494
446.419
441.457
441.457
446.542
441.430
440.819
440.552
440.570
441.336
440.305
426.021
426.021
425.741
427.658
425.741
424.597
424.978
433.136
426.013
424.250
421.869
431.999
422.401
418.880
418.832
418.832
418.538
420.442
422.118
417.878
417.684
417.962
418.981
422.688
417.642
434.770
418.635
426.423
417.922
417.372
417.284
417.284
417.380
420.598
417.183
417.183
417.182
417.206
417.408
417.182
417.184
417.152
417.153
417.383
417.334
417.292
418.784
442.590
417.100
415.664
418.578
415.673
415.662
416.612
414.743
414.743
414.578
414.849
417.215
415.720
414.578
414.578
414.577
415.540
413.381
413.091
419.078
405.696
408.476
403.936
391.299
391.012
387.860
387.019
387.019
387.018
387.074
386.773
387.854
388.847
386.460
387.171
383.456
385.032
384.851
383.674
383.327
383.351
384.600
385.199
382.516
382.516
382.692
382.520
382.688
382.901
381.475
381.470
381.804
385.690
377.391
377.142
380.555
377.072
377.276
379.099
377.071
372.351
372.364
372.018
372.018
372.550
380.377
371.876
371.876
371.876
367.736
368.735
367.736
367.734
367.703
367.703
367.521
366.621
366.621
366.627
366.627
366.621
366.498
366.498
366.499
366.479
367.412
366.155
366.155
366.157
363.707
363.674
363.674
363.674
364.026
363.773
363.514
363.514
363.514
363.449
363.495
363.458
363.397
362.969
363.073
362.966
362.648
362.690
362.644
362.613
362.610
362.538
362.322
362.322
362.322
362.326
362.311
362.291
362.290
362.215
362.235
362.235
362.215
362.191
362.191
362.191
362.205
362.167
362.167
362.165
362.228
362.182
362.301
362.214
362.167
362.168
362.044
362.044
362.044
362.067
362.066
362.044
362.041
362.041
362.076
362.016
362.018
362.016
362.016
362.027
362.026
362.010
362.146
361.996
362.037
361.996
362.647
361.994
361.994
361.982
361.835
361.836
361.838
361.834
361.807
361.806
361.806
361.852
361.809
361.806
361.797
361.919
361.799
361.815
361.768
361.768
361.862
361.846
361.767
361.726
361.726
361.724
361.910
361.724
361.726
361.727
361.842
361.757
361.724
361.793
361.719
361.717
361.717
361.717
361.654
361.654
361.657
361.654
361.654
361.654
361.664
361.654
361.620
361.619
361.619
361.709
361.616
361.612
361.549
361.547
361.532
361.532
361.532
361.532
361.552
361.537
361.549
361.532
361.540
361.643
361.533
361.455
361.420
361.459
361.431
361.449
361.425
361.420
361.420
361.419
361.378
361.369
361.309
361.356
361.309
361.309
361.309
361.659
361.309
361.310
361.309
361.308
361.308
361.310
361.308
361.308
361.299
361.299
361.140
361.140
361.141
361.140
361.138
361.138
361.138
361.138
361.138
361.634
361.616
361.135
361.130
361.130
361.131
361.130
361.125
361.257
361.065
361.120
361.065
361.065
361.098
361.022
360.905
360.888
360.891
360.868
361.000
360.868
360.901
360.868
360.873
360.835
360.861
360.835
360.839
360.837
360.836
360.833
360.832
360.832
360.832
360.832
360.834
365.062
360.832
360.834
360.858
360.832
360.831
360.833
360.819
360.794
360.763
360.732
360.732
360.706
360.706
360.707
360.689
360.644
360.672
360.644
360.622
360.660
360.622
362.327
360.622
360.622
360.618
360.618
360.618
360.590
360.589
360.610
360.589
360.590
360.589
360.589
361.028
360.589
360.589
360.588
360.609
360.616
360.588
360.611
360.588
360.589
360.810
360.727
361.778
360.597
360.590
360.590
360.588
360.638
360.589
360.590
361.340
360.589
360.588
360.589
360.588
360.588
360.596
360.600
360.588
360.587
360.596
360.569
360.569
360.569
360.626
360.569
360.624
360.569
360.569
360.568
360.568
360.491
360.491
360.491
360.198
360.198
360.198
360.183
360.183
360.194
360.183
360.183
360.074
360.074
360.074
360.068
360.063
360.063
360.063
360.063
360.063
360.064
360.063
360.063
360.080
360.063
360.063
360.044
360.045
360.044
360.051
362.053
360.044
360.044
360.020
360.020
359.884
359.884
359.902
359.897
360.033
359.884
359.916
359.884
359.869
359.869
359.869
359.631
359.620
360.542
359.621
359.638
359.703
359.620
359.622
359.620
359.620
359.617
359.617
359.739
359.617
359.617
359.618
360.107
359.619
359.632
359.616
359.611
359.626
359.605
359.605
359.605
359.605
359.605
359.605
359.605
359.606
359.605
359.605
359.605
359.605
359.605
359.466
359.470
359.465
359.465
359.465
359.444
359.444
359.439
359.544
359.439
358.711
358.707
358.707
358.707
359.319
358.707
358.707
358.674
358.674
358.673
358.673
358.673
358.673
358.673
358.595
358.595
358.591
358.591
358.586
358.815
358.586
358.586
358.586
358.586
358.606
360.212
358.613
358.579
358.582
358.557
358.557
358.557
358.557
356.435
356.455
356.439
356.435
356.435
356.456
356.435
356.512
358.926
356.447
356.434
356.446
356.434
356.434
356.434
357.244
356.434
356.427
356.427
356.432
356.427
356.433
356.427
356.425
356.425
356.415
356.839
356.406
356.406
356.402
356.402
356.402
356.402
356.416
357.079
356.466
356.399
356.399
356.398
356.398
356.398
356.398
357.387
357.029
356.399
356.402
356.812
356.398
356.391
356.388
356.388
356.388
356.388
356.382
356.382
356.382
357.026
356.341
356.341
356.388
356.609
356.315
356.315
356.315
356.315
356.315
356.304
356.305
356.310
356.304
356.304
356.315
356.304
356.310
363.059
356.296
356.660
356.313
356.310
356.310
356.301
356.296
356.296
356.296
356.296
356.295
357.855
356.295
356.295
356.302
356.295
356.298
356.309
356.730
356.294
356.294
356.331
356.295
356.294
356.601
356.294
356.293
356.293
356.294
356.307
356.293
356.293
356.288
356.288
356.288
356.289
356.288
356.952
356.284
356.284
356.284
356.283
356.284
357.920
356.646
356.246
356.246
356.243
356.243
356.237
356.241
356.053
356.053
356.053
360.870
356.053
356.053
356.121
356.055
356.057
355.951
356.116
356.027
356.840
357.111
356.209
355.959
355.949
357.513
355.949
355.949
355.949
355.946
355.946
355.946
355.946
355.945
355.945
355.944
355.944
355.839
355.840
355.790
355.790
355.790
355.787
355.787
355.751
355.751
355.760
355.713
355.713
355.709
355.709
355.709
366.874
355.709
355.709
357.664
355.714
355.711
356.045
355.709
355.781
356.041
355.709
355.239
355.239
355.244
355.206
355.206
355.206
354.858
355.074
355.478
354.517
354.517
354.517
354.517
354.491
354.565
354.550
354.491
354.499
362.270
356.397
354.491
354.491
354.491
353.043
353.045
353.043
353.161
355.018
353.043
353.033
353.032
352.746
352.746
352.748
352.746
352.746
352.746
352.746
352.746
352.745
352.680
353.984
352.775
352.678
352.679
352.678
352.678
352.678
352.895
352.458
352.468
352.448
352.448
352.448

Error results for SA
---------------------------
2962.982
3101.295
3101.299
3306.318
3350.141
3350.072
3351.053
3389.663
3389.647
3389.647
3383.986
3293.417
3092.519
3102.289
3039.976
2694.424
2779.365
2796.282
2799.155
2743.121
2735.634
2748.634
2827.010
2776.497
2598.175
2598.175
2709.793
2709.793
2619.889
2618.296
2825.703
2836.141
2935.797
2950.496
2758.056
2808.477
2904.937
2768.665
2621.934
2505.238
2504.164
2317.477
2265.358
2270.609
2273.478
2255.799
2255.799
2592.141
2694.980
2841.179
3025.149
3076.502
3107.431
3067.472
3309.738
3363.820
3363.064
3371.086
3370.204
3324.913
3498.483
3498.483
3497.783
3408.881
3394.058
3389.542
3433.247
3189.579
3188.119
3199.014
3199.014
3112.677
3112.677
3077.162
3023.236
3134.654
3485.881
3488.828
3325.573
3320.330
3376.342
3381.845
3382.365
3382.365
3255.683
3466.989
3483.764
3614.791
3614.795
3724.138
3724.135
3889.414
4101.573
4111.344
4152.261
4147.894
4102.156
4101.142
4101.961
4452.357
4476.401
4069.191
4116.717
4116.868
4286.794
4286.794
4282.624
4287.562
4390.972
4391.435
4393.414
4393.414
4897.941
4897.941
4676.630
4585.885
4578.255
4574.265
4571.343
4504.676
4324.840
4324.585
4598.693
4602.823
4611.726
4611.287
4611.287
4611.095
4589.161
4589.196
4592.199
4771.208
4957.929
4881.093
4986.686
4904.297
4904.297
4908.916
4969.760
5227.925
5228.561
5278.929
5425.818
5425.818
5423.875
5450.301
6070.305
6105.974
6194.165
6159.407
6148.364
6549.580
6549.663
6549.664
6249.738
6277.952
6342.729
6342.729
6705.673
6719.568
6669.587
6672.805
6648.348
6670.657
6710.950
6509.986
5853.384
5853.418
5853.611
5796.699
5796.018
5830.462
5763.395
5763.395
5699.717
5906.067
5920.865
5920.865
5967.296
5755.272
5826.788
5718.719
5704.385
5579.660
5618.406
5618.375
5618.691
5623.325
5603.474
5730.848
5813.019
5813.019
5733.007
5553.038
5527.504
5530.417
5542.390
5532.655
5532.655
5489.917
5462.450
5681.252
5681.252
5611.571
5611.672
5606.589
5623.523
5574.013
5599.536
6235.987
6244.380
6244.351
6194.964
6274.992
6280.931
6442.884
6442.884
6458.639
6457.334
6266.654
6341.232
6195.475
6293.735
6293.676
6294.624
6386.050
6303.759
6307.239
6029.061
6026.561
6018.849
5957.527
5941.262
5954.303
5660.338
5684.505
5503.902
5375.976
5375.976
5375.544
5326.597
5344.475
5406.843
5406.842
5033.041
5032.992
5032.991
5032.991
4738.514
4750.487
5105.957
5108.680
5196.264
4946.568
4935.439
4868.149
4868.157
5008.284
5226.248
5226.279
5144.180
5228.490
5186.682
5236.117
4853.823
4883.494
4883.623
4884.801
4937.399
4994.079
5098.496
5098.496
5106.480
5050.565
5050.565
5072.736
5100.526
5100.526
5093.565
5110.778
5218.241
5219.825
5249.395
5254.075
5254.091
5153.198
5145.211
5292.836
5281.405
5277.726
5328.159
5324.749
5327.981
5328.409
5296.731
5298.100
5291.737
6158.576
6099.990
5926.756
5919.220
5939.787
5939.736
5939.736
5941.243
5802.082
5929.799
5824.598
5823.227
5911.888
5902.448
5881.389
6916.194
7021.047
6782.597
6782.597
6782.621
6782.621
6782.621
6782.631
7123.436
7237.995
7253.389
7178.841
7335.556
7325.730
7284.312
7493.030
7446.956
7446.914
7416.360
7278.687
7265.053
7035.313
6999.686
6941.567
6956.027
6981.648
6981.648
6986.509
6414.949
6412.166
6411.078
6374.294
6462.202
6462.206
6454.234
6454.236
6455.280
6465.128
6501.303
6276.609
6257.053
6193.580
6193.634
6113.851
6181.226
6181.225
6181.225
6329.608
6374.486
6343.824
6372.242
6372.242
6048.374
6048.374
6048.377
6026.128
6060.462
6211.094
6211.075
6302.339
6278.062
6226.173
6298.358
6298.374
6122.803
6096.739
6009.085
6007.554
6004.023
5990.026
5990.254
5841.063
5841.063
5710.839
5710.836
5631.875
5524.207
5646.703
5566.587
5801.587
5727.004
5950.465
5919.879
5967.832
5967.658
5967.631
6087.534
6105.725
5617.113
5616.726
5653.244
5414.158
5412.815
5399.106
5415.729
5406.900
5406.900
5379.251
5485.328
5485.328
5472.936
5452.659
5480.859
5429.218
5414.814
5414.812
5414.812
5414.812
5407.372
5410.128
5408.598
5304.503
5281.831
5229.107
5207.212
5204.564
5197.672
5163.876
5163.971
5098.368
5096.053
5211.562
4950.653
4978.174
4844.183
4867.730
5064.459
4843.413
5363.944
5311.092
4567.275
4091.211
4091.211
4183.659
4152.710
3928.561
3928.561
3928.561
3865.388
3870.230
3994.274
4006.251
4127.365
4141.777
4141.776
4956.811
5481.521
5512.393
5494.966
5073.667
5236.684
5236.664
5236.664
5256.307
5256.215
5256.096
5594.340
5594.606
5979.966
5936.302
5873.463
5877.598
5941.537
5957.581
5928.628
5929.792
5911.367
5910.857
5910.857
5905.656
5834.227
5834.141
5834.402
5882.567
5882.749
5969.198
5969.535
5925.336
6490.805
6789.919
6785.028
6843.405
6619.136
6619.136
6635.791
6094.554
6174.967
6165.826
6183.671
6182.899
6136.249
6263.536
6251.492
5664.728
5693.386
5696.284
5690.065
5697.336
5684.894
5267.246
5063.016
5070.394
5066.124
5066.124
5011.166
5023.155
5027.807
4988.971
4990.030
5357.495
5408.140
5402.489
5402.489
5385.497
5396.499
5396.665
5372.768
5386.406
5384.452
5130.567
5209.250
5136.898
5116.188
5977.497
5818.440
5924.817
5031.241
4937.584
4930.961
4512.609
4470.943
4424.364
4424.364
4549.931
4588.519
4464.623
4506.658
4586.041
4586.041
4585.734
4764.216
5237.841
5198.022
4648.511
4626.684
4625.816
4624.545
4624.546
4618.499
4591.532
4560.809
4041.540
4041.540
4038.699
4038.699
4035.664
3907.713
3961.716
3854.800
3829.081
3820.111
4187.353
4187.400
4184.163
4120.082
4382.533
4382.796
4382.177
4382.177
4354.843
4362.124
4354.054
4345.968
4358.507
4359.498
4344.742
4362.884
4356.387
4417.642
4223.065
4205.513
3922.274
3923.156
3922.574
3913.593
3947.158
3948.182
3948.179
3947.656
3983.625
3983.973
4021.030
4102.966
4104.664
4124.878
4147.004
4150.109
4021.023
4086.290
4077.974
4077.973
4055.948
4375.434
3688.899
3700.445
4031.406
4023.482
4023.482
4071.028
4071.149
4071.079
4158.687
4154.294
4370.777
4379.841
4339.030
4335.064
4350.801
3985.708
4101.818
4100.143
4118.527
4049.672
4049.672
4310.129
4295.951
4295.964
4299.430
4315.079
4262.230
4355.676
4346.046
4319.929
4319.930
3837.700
3838.744
4008.850
4004.003
4003.992
4013.471
4077.234
3796.693
3814.833
3828.183
3842.061
3762.858
3763.174
3763.174
3757.895
3764.483
3832.963
3832.963
3842.443
3710.070
3715.771
3715.771
3655.205
3661.518
3656.927
3671.324
3835.777
3795.453
3793.604
3678.358
3748.862
3753.271
3867.614
3855.248
3812.183
3789.456
3767.934
3798.310
3798.905
3820.078
3766.316
3766.316
3720.019
3724.102
3822.646
3822.646
3783.566
3469.042
3469.042
3469.042
3469.121
3595.131
3432.144
3463.180
3465.648
3476.923
3541.319
3476.923
3512.009
3452.697
3590.943
3567.879
3552.933
3519.755
3578.287
3327.933
3178.218
3179.136
3150.867
3170.680
3157.421
3157.421
3157.421
3138.082
3134.662
3129.517
2890.562
2512.616
2518.372
2625.452
2519.104
2519.104
2505.867
2504.798
2361.289
2365.446
2210.416
2210.775
2285.343
2215.801
2217.380
2236.013
2251.618
2280.716
2244.895
2287.984
2304.656
2306.336
2302.311
2311.113
2311.402
2444.487
2381.956
2309.996
2337.622
1997.068
1997.068
1958.395
1998.515
1958.395
1958.395
1985.614
1958.527
1982.338
1879.354
1876.304
1859.704
1859.698
1920.890
1926.601
1856.125
1856.125
1843.711
1900.834
1655.728
1656.080
1703.531
1624.351
1620.040
1620.004
1638.290
1684.792
1613.775
1613.574
1614.217
1666.634
1613.574
1509.175
1478.518
1478.411
1484.542
1484.078
1597.209
1478.411
1558.622
1462.154
1126.468
1291.832
1119.426
1119.435
1070.109
1070.107
1065.603
1068.554
1080.181
1041.567
1050.669
1057.816
1333.360
1044.498
1052.837
1041.567
1041.549
1042.193
1037.712
1026.354
1026.354
964.862
979.552
937.165
935.414
935.414
935.172
937.236
792.847
795.515
796.797
792.847
792.857
792.688
798.725
792.688
792.735
780.544
784.526
780.642
779.298
771.694
771.971
815.292
768.900
763.821
763.609
783.536
764.000
766.994
883.991
762.827
759.713
759.425
759.425
758.952
757.199
759.940
669.115
669.115
664.834
643.058
613.298
644.973
534.084
472.676
473.276
448.592
446.257
446.485
438.152
438.128
426.854
425.564
425.522
455.747
423.150
423.855
423.152
422.157
421.843
420.632
420.632
421.073
406.341
406.341
402.941
402.861
406.394
400.759
397.984
397.984
398.084
401.984
397.997
401.394
398.160
386.364
384.482
385.723
385.412
384.472
384.470
384.507
386.655
384.470
378.475
379.422
376.011
404.022
376.011
382.188
376.054
381.578
376.016
376.257
376.816
375.922
375.921
369.892
368.221
368.406
367.915
367.983
367.916
367.783
367.825
370.240
367.040
367.048
367.503
367.042
367.057
367.213
370.625
367.040
368.096
369.574
366.750
366.618
366.442
366.342
366.314
366.283
365.966
366.066
366.327
364.579
364.569
364.826
364.627
364.746
364.569
364.404
364.006
363.007
363.003
362.801
362.876
362.800
362.491
362.683
363.029
362.370
362.370
362.309
362.309
362.648
362.368
362.099
362.425
361.765
361.766
362.310
361.863
361.800
361.710
361.747
361.804
361.759
361.705
362.106
362.271
361.815
361.788
361.705
361.695
361.677
361.671
361.923
361.682
361.681
361.426
361.432
361.423
361.362
361.646
361.192
361.035
360.884
360.883
360.847
360.956
361.030
360.846
360.855
360.841
360.733

Error results for GA
---------------------------
2930.520
901.484
1334.072
1247.407
1817.725
565.818
2064.177
668.772
399.113
636.257
1946.613
939.466
1274.530
823.657
407.647
669.158
2061.573
1073.303
1140.409
576.144
463.872
776.221
711.036
2236.959
397.895
1157.737
374.269
436.244
427.658
405.507
408.464
452.891
375.502
930.131
401.021
376.713
395.145
433.073
369.840
377.327
372.714
376.411
609.691
370.178
831.816
402.168
376.414
379.405
365.600
387.338
366.082
375.339
366.343
380.059
366.666
372.282
363.932
373.164
369.569
370.643
368.039
389.207
370.216
387.691
367.459
360.723
382.653
403.771
370.182
549.253
415.777
384.950
373.819
397.048
365.594
369.954
366.393
371.808
367.850
364.198
368.893
372.552
367.961
363.936
370.045
374.459
367.536
424.825
369.257
369.740
366.570
363.535
375.852
375.070
366.235
367.525
368.380
367.376
367.917
368.137
365.522
368.133
369.536
370.866
425.351
373.383
360.017
364.403
370.670
365.410
369.734
366.195
370.026
367.208
365.345
364.066
361.797
368.613
370.364
369.091
368.694
395.317
367.280
365.602
363.890
358.426
367.791
367.252
364.829
368.443
367.403
366.303
371.429
363.092
363.671
362.948
366.787
369.791
365.978
360.609
362.405
364.744
362.574
366.291
363.669
369.716
369.019
364.838
362.930
363.078
380.956
366.155
363.050
370.046
365.013
366.624
367.691
367.962
369.164
365.275
366.066
365.509
372.196
366.915
368.066
363.509
365.979
365.310
365.538
367.860
365.058
366.098
365.801
365.172
367.945
364.154
365.076
363.828
385.716
371.145
363.320
370.260
362.783
364.211
363.200
367.711
369.877
361.638
368.172
364.494
369.088
367.708
369.926
363.451
366.357
363.047
365.586
367.185
368.428
362.647
366.909
367.792
367.434
361.576
364.306
363.948
366.230
365.561
365.339
360.731
366.845
366.563
361.779
368.474
363.116
365.668
366.314
368.520
368.912
364.669
362.922
366.670
368.304
365.780
366.444
366.202
367.226
362.554
365.538
370.335
367.656
359.449
370.431
366.648
368.429
366.514
365.197
366.497
362.475
364.966
365.949
363.518
361.616
366.637
362.626
365.173
365.108
363.354
366.070
366.127
365.582
362.668
361.696
364.928
368.095
367.343
364.257
363.295
365.735
369.950
366.088
365.707
362.651
364.736
366.878
365.155
367.965
367.698
366.782
366.641
363.678
364.706
363.526
366.285
365.465
365.133
362.477
364.735
365.828
363.991
365.898
367.123
363.468
366.810
366.988
364.571
366.749
363.177
363.179
362.254
364.989
363.634
366.903
362.992
366.170
362.333
363.219
365.673
361.822
363.043
364.643
364.227
364.186
371.396
365.337
362.977
365.288
363.023
363.742
362.973
366.378
362.366
361.888
363.244
362.615
364.189
366.121
366.050
367.285
364.102
365.339
363.739
363.240
362.249
363.286
362.501
365.447
361.396
364.582
366.968
363.478
363.795
362.496
365.840
363.219
362.981
365.367
364.282
361.620
366.692
368.276
365.312
364.457
364.857
364.549
363.298
363.718
364.720
368.919
366.230
363.987
366.337
364.223
365.794
363.007
369.114
364.104
363.351
366.144
365.199
364.007
363.232
363.865
361.181
364.212
363.974
366.806
362.107
362.879
363.427
361.118
365.533
361.956
365.108
362.089
361.989
362.678
364.230
362.368
364.668
363.324
361.688
363.257
362.903
363.115
364.884
361.994
366.148
362.998
365.911
360.738
363.434
371.735
362.581
362.588
361.485
368.922
363.708
363.187
367.298
368.563
362.857
363.468
361.092
366.890
362.288
364.445
361.559
361.339
362.483
361.213
365.117
366.884
364.433
363.385
363.881
365.112
361.389
362.458
372.442
361.905
362.121
365.432
362.052
362.274
362.213
362.034
362.100
361.717
362.262
361.247
363.145
364.608
362.938
363.337
364.563
363.475
364.344
368.066
367.430
362.514
369.937
363.653
373.685
361.994
361.930
365.848
360.432
362.522
364.882
361.540
362.616
362.551
362.090
363.801
362.928
362.519
362.881
363.345
365.280
372.163
361.831
369.850
364.124
361.535
364.160
360.067
362.342
365.084
364.327
366.697
364.172
361.354
363.585
363.418
362.100
363.082
364.065
362.947
361.436
362.086
364.857
362.432
362.669
368.925
363.805
361.222
361.308
360.822
362.382
362.461
361.485
363.072
363.014
361.704
361.923
361.512
362.962
361.417
372.809
360.820
366.236
362.087
362.136
363.123
367.655
364.056
361.363
364.320
362.544
364.386
366.991
364.783
365.358
362.558
361.197
363.686
362.927
359.644
361.777
363.849
374.821
363.650
367.892
365.558
361.332
371.407
362.333
361.964
362.265
362.359
361.457
360.802
365.604
361.921
362.660
362.942
364.536
361.403
361.681
361.185
374.276
368.164
361.748
371.593
370.568
363.116
361.739
361.408
363.997
362.379
367.197
361.006
361.059
367.171
367.647
362.341
363.853
363.831
361.309
363.641
370.007
363.717
361.078
390.129
361.707
362.439
364.015
361.540
366.031
365.861
363.698
361.131
379.224
361.066
361.374
363.773
365.640
366.591
363.292
362.238
362.162
365.788
362.688
367.245
367.762
365.244
364.440
362.579
361.692
363.875
362.468
391.426
360.952
364.651
362.503
365.274
361.913
362.244
364.454
364.134
362.438
362.706
361.907
374.602
362.195
362.249
362.738
362.363
360.777
362.491
362.409
361.810
362.875
361.458
363.561
362.112
362.239
362.177
363.247
361.826
363.577
362.923
363.476
363.839
366.708
362.360
362.889
362.536
364.693
364.705
361.727
362.410
363.517
362.368
362.502
363.008
364.249
362.542
363.274
361.462
361.988
364.749
363.713
361.410
363.337
363.653
363.205
362.495
360.796
363.740
364.118
364.369
362.537
361.594
364.068
362.025
363.317
362.571
364.701
362.643
363.988
364.975
363.832
362.849
363.205
363.409
362.147
363.763
362.214
363.147
363.398
363.595
361.493
363.993
362.671
366.501
363.693
364.665
361.938
364.719
362.028
363.087
364.336
362.386
362.419
364.052
365.992
362.244
361.073
361.850
361.823
365.129
363.092
363.618
362.493
365.059
364.275
363.548
362.949
362.720
365.749
362.970
363.693
363.902
364.620
362.855
362.516
363.969
362.131
363.973
363.779
362.665
363.087
363.485
361.516
362.688
363.374
362.536
363.463
362.945
363.735
364.580
363.886
364.300
363.832
361.900
363.034
362.492
362.552
361.823
361.381
363.989
361.541
361.458
363.319
362.717
362.386
362.199
362.352
363.498
362.521
361.864
363.427
367.286
363.264
361.855
363.363
362.788
361.474
364.722
362.638
362.069
361.941
361.919
362.621
361.942
363.561
362.913
362.283
365.574
364.534
362.278
363.813
361.818
363.647
362.205
361.392
363.769
362.408
362.854
362.002
363.403
362.616
362.310
361.301
362.181
362.577
363.971
362.481
362.896
363.084
361.794
362.368
362.692
362.311
362.005
362.683
361.498
362.322
362.994
362.457
361.736
363.446
362.675
362.674
361.950
362.841
361.701
361.458
363.296
361.908
361.925
362.813
362.070
363.444
363.603
362.493
362.771
362.176
363.340
363.359
361.709
361.858
361.982
363.698
361.380
365.201
363.160
362.605
362.570
362.871
362.282
361.761
363.025
363.912
363.785
363.129
363.713
365.459
362.412
364.010
361.817
362.259
363.136
363.815
363.317
360.995
363.406
362.626
362.510
362.022
363.355
362.212
362.406
362.637
363.818
364.979
362.914
363.204
362.783
361.547
364.315
362.238
364.195
363.847
364.757
362.364
363.093
364.105
361.976
362.774
364.284
362.258
362.431
361.710
362.787
364.997
362.147
361.599
363.966
362.306
364.581
363.313
363.100
366.060
363.006
364.077
361.452
362.852
362.594
361.679
366.936
364.006
361.835
365.250
362.832
364.984
361.381
361.548
362.005
363.946
365.018
362.236
362.957
360.857
364.506
364.980
360.417
363.455
361.860
366.664
361.608
364.984
361.296
363.231
363.955
366.473
362.706
364.691
362.246
363.343
361.957
362.507
362.380
361.483
363.862
364.734
362.192
361.739
362.320
361.989
365.148
361.482
364.192
361.581
363.323
361.997
366.149
362.184
362.681
362.698
362.625
364.737
361.738
361.173
362.456
361.506
365.667
363.108
365.213
364.346
361.275
362.315
362.889
362.271
362.348
361.939
361.602
366.535
362.990
364.762
361.546
366.018
366.861
361.875
366.145
365.288
363.440
361.729
365.191
363.988
363.349
362.462
365.325
362.581
363.219
362.015
362.630
364.419
362.685
363.799
364.161
362.900
362.026
365.985
364.471
363.142
361.615
363.627
362.042
361.271
366.061
361.223
364.812
362.878
362.467
363.124
362.327
362.775
363.899
361.817
362.125
363.389
363.554
365.422
361.801
363.539
361.925
363.537

Results for RHC: 
Correctly classified 19247.0 instances.
Incorrectly classified 753.0 instances.
Percent correctly classified: 96.235%
Training time: 235.305 seconds
Testing time: 0.161 seconds

Results for SA: 
Correctly classified 19247.0 instances.
Incorrectly classified 753.0 instances.
Percent correctly classified: 96.235%
Training time: 3912.778 seconds
Testing time: 0.157 seconds

Results for GA: 
Correctly classified 19247.0 instances.
Incorrectly classified 753.0 instances.
Percent correctly classified: 96.235%
Training time: 23183.096 seconds
Testing time: 0.147 seconds

inputLayer=16, hiddenLayer=16, outputLayer=1, trainingIterations=1000
