
Error results for RHC
---------------------------
1996.852
1992.937
1966.571
1846.020
1845.932
1851.390
1846.704
1893.694
1874.150
1846.077
1845.932
1815.252
1795.264
1776.262
1707.461
1723.370
1707.461
1685.555
1684.790
1673.236
1685.078
1673.236
1673.681
1682.177
1636.016
1635.999
1629.583
1631.420
1606.893
1577.125
1753.178
1255.217
1255.217
1260.140
1257.479
1439.148
1255.217
1255.277
1286.936
1263.098
1251.906
1245.538
1245.524
1254.587
1245.524
1244.572
1186.727
1188.300
993.716
1007.123
1007.275
993.538
992.480
992.480
992.480
1015.451
965.356
956.924
938.284
946.167
961.981
936.833
941.730
934.351
934.351
934.351
937.839
937.864
934.542
933.037
946.984
935.847
932.723
919.135
923.184
895.852
894.410
879.457
879.416
861.628
731.320
731.320
731.474
731.320
731.005
730.781
731.405
734.630
730.781
735.061
718.183
744.240
716.496
716.496
712.427
712.427
712.428
696.454
691.989
691.989

Error results for SA
---------------------------
872.741
953.013
1157.326
1129.572
1134.226
1539.115
1517.954
1517.954
1521.288
1441.006
1440.892
1440.892
1415.591
1473.575
1437.247
1437.247
1440.963
1476.454
1476.393
1476.393
1510.986
1512.117
1512.128
1427.257
1424.771
1424.774
1424.778
1353.696
1189.357
1410.924
1410.857
1424.809
1412.896
1412.910
1410.397
1446.574
1533.169
1533.560
1533.519
1533.672
1465.514
1624.787
1624.774
1617.060
1616.505
1616.533
1616.533
1545.059
1567.273
1565.517
1560.888
1560.888
1561.199
1494.098
1521.779
1473.202
1473.183
1473.323
1473.323
1473.322
1464.355
1690.683
1603.805
1675.354
1731.773
1766.111
1766.098
1758.122
1797.629
1797.629
1753.331
1761.414
1760.783
1718.673
1479.737
1457.593
1457.592
1452.247
1459.083
1340.662
1328.480
1328.498
1328.500
1329.597
1444.076
1450.186
1347.023
1545.322
1545.323
1519.224
1518.895
1530.162
1487.575
1491.136
1396.264
1587.201
1587.201
1587.475
1587.475
1587.475

Error results for GA
---------------------------
2205.429
750.141
1589.124
1483.773
2876.007
3382.803
1881.464
648.142
2605.216
630.592
727.104
1164.620
726.987
694.926
395.819
906.058
488.532
631.279
387.779
573.409
391.858
500.813
1425.383
660.513
545.443
468.013
1061.701
1010.350
458.618
444.580
779.143
393.267
758.282
373.378
623.166
979.532
1727.075
366.503
669.164
598.894
397.196
745.249
657.432
489.689
450.318
465.672
559.890
403.575
370.743
367.857
373.065
363.616
373.590
509.686
369.725
362.442
364.188
384.057
380.896
361.945
500.939
368.941
411.482
363.574
365.735
364.537
398.230
369.776
363.036
380.933
380.163
361.607
366.758
369.842
381.042
375.868
363.097
370.884
395.238
361.476
371.826
362.275
359.993
379.224
360.358
362.098
361.668
368.123
393.328
371.668
365.058
367.506
363.934
372.114
364.420
371.075
385.154
363.565
375.971
363.813

Results for RHC: 
Correctly classified 19247.0 instances.
Incorrectly classified 753.0 instances.
Percent correctly classified: 96.235%
Training time: 29.652 seconds
Testing time: 0.207 seconds

Results for SA: 
Correctly classified 17329.0 instances.
Incorrectly classified 2671.0 instances.
Percent correctly classified: 86.645%
Training time: 29.455 seconds
Testing time: 0.212 seconds

Results for GA: 
Correctly classified 19247.0 instances.
Incorrectly classified 753.0 instances.
Percent correctly classified: 96.235%
Training time: 1058.337 seconds
Testing time: 0.160 seconds

inputLayer=16, hiddenLayer=16, outputLayer=1, trainingIterations=100
