
Error results for RHC
---------------------------
2053.837
2047.296
2047.289
2007.018
2028.012
2007.018
1993.786
2125.362
2013.428
2204.987
1997.247
2017.133
1985.550
2004.704
1857.298
2009.301
1907.833
1857.993
1897.352
1853.775
1910.751
1814.056
1814.056
1659.626
1667.957
1674.671
1653.743
1653.105
1654.889
1615.425
1611.603
1630.237
1612.353
1611.603
1683.367
1618.862
1607.229
1609.817
1640.638
1611.222
1765.311
1607.991
1611.754
1573.379
1628.015
1646.613
1467.314
1473.959
1469.378
1467.441
1465.633
1415.395
1415.444
1445.954
1415.699
1357.179
1355.862
1200.943
1203.472
1111.671
1111.665
1099.472
1128.795
1212.783
1006.312
991.325
1034.249
973.659
974.193
1010.565
995.723
967.424
975.449
962.745
890.862
847.721
847.992
862.645
858.721
889.789
867.953
850.095
848.265
851.810
729.993
729.744
731.548
687.110
696.228
675.289
674.107
653.699
653.816
653.699
650.650
642.280
671.037
654.408
642.871
659.085
641.072
662.193
646.446
643.511
576.414
576.055
572.070
572.291
558.314
559.723
559.596
528.237
528.304
528.237
528.237
525.069
531.402
525.414
525.069
498.511
513.533
514.861
498.648
477.752
449.212
459.931
449.212
447.234
453.929
453.243
448.287
449.806
452.363
447.111
460.000
439.256
439.254
439.254
439.260
439.396
433.539
431.643
431.643
426.501
431.739
428.708
426.391
424.356
428.887
424.356
425.641
425.545
430.579
424.846
422.425
423.570
421.396
423.897
422.971
413.512
413.554
415.686
423.417
413.262
413.230
414.297
410.039
409.641
411.039
409.903
410.134
409.640
404.690
404.361
407.401
403.617
403.617
404.145
419.035
402.990
385.811
380.247
378.792
378.792
381.895
380.913
379.092
377.286
376.639
376.651
378.548
375.987
375.977
375.581
375.753
374.409
371.436
371.427
371.550
372.212
387.383
371.385
371.618
370.903
364.147
369.272
364.131
364.610
363.993
363.979
366.969
363.979
364.090
362.229
362.223
362.345
362.253
362.221
362.475
363.183
362.355
362.291
362.221
362.201
362.201
362.206
362.201
362.198
362.114
362.051
362.051
362.060
363.978
361.761
361.623
361.621
361.735
361.645
361.536
365.780
361.754
362.182
361.536
361.184
361.184
361.172
361.172
361.275
361.570
361.506
361.172
360.886
360.886
360.888
360.977
360.732
360.732
360.738
360.912
361.199
360.731
360.835
361.171
360.677
360.667
360.660
360.870
360.692
360.699
360.446
360.608
360.333
360.338
360.333
360.336
360.333
360.359
360.264
360.263
360.400
360.335
359.929
359.965
359.926
360.446
359.976
359.926
362.181
360.000
360.235
360.244
359.930
359.960
359.929
359.650
360.103
359.650
359.625
359.664
359.615
359.640
359.561
359.561
359.540
359.514
359.514
359.505
359.604
358.580
358.581
358.766
358.642
358.763
358.426
358.426
358.426
358.314
358.196
358.196
358.408
358.422
358.196
358.196
358.755
358.196
358.456
358.463
358.310
358.198
358.067
358.120
358.097
358.070
358.509
358.066
358.066
358.066
358.060
358.116
358.026
357.957
358.760
358.001
357.970
357.959
358.069
357.982
357.980
357.965
357.896
357.181
357.175
357.131
357.131
357.156
357.902
357.131
357.480
357.244
357.130
357.121
357.155
357.121
357.121
357.132
357.119
357.119
357.141
357.119
357.096
357.096
357.097
357.096
357.113
357.095
356.881
356.881
356.881
356.882
356.871
356.867
356.867
356.897
357.266
356.901
356.554
356.554
356.558
356.554
356.554
356.556
356.553
356.553
356.533
356.524
356.525
356.524
356.505
356.505
356.505
356.505
356.505
356.431
356.431
360.629
356.430
356.430
356.430
356.430
356.599
356.439
356.430
356.430
356.236
354.994
354.994
357.223
355.124
354.987
362.237
354.987
354.986
354.902
354.902
354.902
354.902
354.897
355.625
354.529
354.810
354.528
354.461
354.488
354.461
354.334
354.334
354.402
354.622
354.792
354.334
353.593
353.606
353.593
353.581
353.581
353.569
353.669
354.881
353.531
353.531
353.376
353.376
351.178
351.178
351.300
351.114
351.138
351.277
351.075
351.103
351.074
352.257
351.074
351.075
351.035
351.037
351.037
351.035
351.034
351.083
351.034
351.042
352.268
350.987
350.987
350.987
349.797
350.370
349.799
349.797
349.797
351.523
353.791
349.805
349.647
349.805
349.642
351.675
349.642
349.642
349.642
349.642
349.642
349.402
349.402
349.625
349.568
350.010
349.566
349.439

Error results for SA
---------------------------
1414.885
1414.885
1474.046
1470.256
1470.286
1469.701
1350.162
1434.220
1436.521
1434.725
1446.893
1447.037
1409.477
1452.798
1488.905
1488.907
1488.907
1488.962
1476.872
1444.326
1462.651
1458.842
1545.592
1529.117
1723.958
1723.932
1723.905
1723.905
1747.714
1757.636
1794.840
1795.009
1781.808
1929.614
1886.154
1888.560
1888.501
1888.501
1889.459
1805.349
1801.255
1947.266
1947.040
1950.032
1953.494
1955.816
2074.105
2059.859
2073.589
1929.515
1934.927
1915.331
1916.286
1870.769
1866.042
1866.331
1893.586
1841.553
1841.553
1841.553
1800.567
1800.213
1783.925
1783.925
1811.298
1792.092
1791.894
1791.894
1795.350
1795.350
1786.507
1786.507
1784.955
1784.955
1786.141
1786.012
1923.957
1966.463
1966.559
1970.841
1968.262
1968.262
1848.851
1870.288
1822.382
1823.089
1746.083
1719.812
1701.286
1669.938
1751.556
1752.418
1752.427
1804.674
1806.814
1741.510
1720.103
1721.389
1720.474
1881.966
1804.241
1784.174
1814.135
1824.958
1827.668
1828.429
1825.408
1829.330
1860.267
1857.878
1858.182
1858.588
1860.236
1908.244
1787.673
1748.685
1748.685
1773.230
1766.461
1700.267
1700.370
1669.400
1635.076
1648.178
1654.163
1667.074
1704.850
1783.437
1783.472
1762.453
1764.087
1769.906
1780.242
1833.508
1833.456
1548.506
1547.819
1619.671
1654.582
1742.757
1742.058
1680.048
1677.131
1577.513
1384.254
1349.846
1345.174
1354.720
1354.720
1331.972
1316.075
1312.088
1226.013
1210.588
1177.568
1247.636
1247.749
1251.087
1251.957
1103.169
1133.001
1133.032
996.776
1058.881
1015.206
1008.922
1162.999
1170.010
1151.881
1081.802
1074.797
947.324
941.721
917.285
917.285
917.178
917.187
916.118
922.607
922.577
931.392
930.841
930.315
844.597
872.845
682.382
679.848
679.849
715.775
695.420
695.649
696.745
696.451
689.142
707.191
718.363
715.935
708.931
707.129
718.373
716.630
717.540
703.830
704.425
705.251
693.985
694.002
693.237
693.649
694.071
677.196
630.870
624.032
623.881
625.145
620.826
618.610
793.400
793.373
757.912
736.966
727.078
727.786
722.819
722.657
779.394
779.394
779.393
776.819
758.013
758.200
651.788
651.823
638.164
631.967
634.553
633.713
672.498
681.812
682.679
652.126
649.891
649.047
650.059
649.842
649.327
649.327
655.132
655.132
655.294
654.811
654.917
671.691
682.504
682.430
690.906
679.796
679.910
715.841
715.842
718.160
718.160
705.137
706.820
704.342
707.106
703.245
703.620
703.624
703.741
691.235
690.910
690.910
691.927
686.032
692.342
692.374
681.595
681.595
681.326
672.341
672.678
703.987
703.977
703.984
704.363
699.501
673.904
673.904
666.367
665.203
664.413
663.793
672.256
674.551
673.648
673.551
673.526
721.805
717.229
717.092
716.591
711.396
859.556
858.492
941.067
941.067
933.659
932.930
932.712
931.816
931.707
977.510
961.345
1056.537
1057.455
1049.007
1046.750
1087.557
1323.696
1323.779
1343.413
1342.736
1360.822
1346.197
1318.010
1318.412
1349.798
1350.309
1350.054
1361.692
1361.749
1391.479
1464.716
1464.898
1470.451
1470.447
1470.371
1453.488
1453.488
1538.657
1571.081
1522.100
1528.426
1515.679
1515.698
1899.599
2358.670
2358.670
2418.320
2418.430
2418.389
2492.054
2492.214
2226.057
2504.929
2512.941
2513.260
2513.226
2894.376
2866.433
2866.335
2898.052
2899.300
2889.729
2888.600
2850.454
2857.000
2857.467
2852.602
2852.702
2852.669
2843.959
2832.882
2802.609
2687.100
2687.090
2642.122
2673.494
2673.131
2673.175
2672.754
2676.310
2810.943
2810.933
2691.572
2738.040
2745.640
2760.775
2496.540
2541.084
2538.329
2562.718
2562.715
2435.192
2379.403
2379.454
2380.154
2380.263
2379.242
2629.548
2633.321
2579.923
2565.400
2597.688
2597.865
2597.948
2582.761
2521.720
2521.724
2378.371
2378.223
2328.010
2192.237
2192.237
2192.699
2192.135
2191.893
2193.807
2129.558
2138.037
2048.154
2043.933
1853.442
1853.473
1934.438
1827.633
1911.112
1885.134
1838.449
1833.487
1833.200
1794.880
1787.087
1786.956
1786.956
1788.997
1827.789
1790.696
1786.720
1786.676
1762.446
1762.168
1762.157
1730.048
1694.969
1677.620
1629.162
1629.162
1629.162
1731.580
1731.362
1750.121
1753.147
1753.019
1705.044
1629.083
1645.150
1675.941
1678.114
1822.714
1819.619
1816.730
1721.059
1691.673
1714.666
1786.179
1749.400
1749.743
1934.590
1858.671
1857.897
1851.437
1855.247
1875.765
1947.494
1969.201
1969.201
1966.706
1873.913
1948.457
1797.166
1799.256
1780.632
1740.665
1698.820
1708.637
1735.869
1735.953
1758.788
1758.876
1761.325
1749.618
1749.570
1749.570
1836.655
1837.327
1969.929
1904.080
1915.684

Error results for GA
---------------------------
1980.718
1050.191
3857.992
1346.271
1739.690
539.660
2672.078
1316.638
623.997
1009.615
773.439
394.596
639.264
397.799
472.448
652.909
827.698
682.765
435.158
444.820
370.272
569.660
362.032
447.549
368.492
430.489
427.714
366.141
374.159
372.455
370.801
373.709
384.227
372.102
362.008
377.898
358.049
367.852
369.088
581.564
421.173
365.870
364.972
367.930
391.444
361.514
363.659
362.069
365.308
369.246
371.067
366.552
362.846
377.808
358.997
365.000
366.471
368.367
363.372
403.332
370.197
365.349
358.043
367.644
363.386
373.744
358.505
381.413
368.103
549.018
358.622
364.430
382.526
364.616
363.371
361.581
366.234
360.824
363.321
364.950
368.189
365.415
360.577
364.897
367.527
359.481
363.640
370.657
365.615
362.487
363.276
365.321
365.834
365.135
362.852
361.445
369.019
364.503
362.713
365.523
368.968
359.801
363.207
361.766
368.966
363.876
365.069
365.758
356.507
367.641
363.202
369.002
361.451
359.699
363.677
357.151
366.516
364.432
371.137
363.943
363.588
366.200
366.220
366.516
364.130
361.604
365.489
366.300
365.107
363.268
363.131
361.189
362.335
359.279
362.989
374.094
363.236
359.257
367.120
363.657
364.631
360.003
365.564
361.553
364.476
361.363
361.413
365.445
368.792
363.225
362.298
361.469
377.306
368.538
362.517
363.813
365.089
363.725
362.630
360.348
363.745
360.051
362.557
362.185
364.148
360.793
368.756
360.699
361.759
369.734
360.463
370.151
358.990
361.519
363.112
362.150
362.767
365.038
387.077
362.014
364.980
361.110
365.472
361.997
363.535
363.312
363.215
364.367
362.688
361.640
364.029
362.191
363.093
358.955
363.495
364.012
360.837
362.657
362.281
362.265
363.379
362.832
359.265
360.389
361.175
360.966
362.913
358.180
361.659
361.927
363.838
360.027
361.394
361.014
362.577
362.027
368.483
363.207
361.922
359.538
364.187
364.144
361.514
364.627
362.144
366.261
360.761
362.229
361.604
365.810
361.951
363.939
359.507
359.146
363.479
363.004
361.019
358.042
362.544
365.082
364.349
360.806
360.353
359.418
362.177
360.447
364.103
361.857
359.240
362.225
361.792
361.922
357.551
358.301
360.074
364.473
362.231
372.734
362.652
360.538
362.985
363.254
360.909
359.570
359.277
361.981
361.253
361.297
364.322
362.450
362.094
363.420
365.247
364.676
362.647
360.796
361.300
362.228
360.475
359.540
358.410
361.759
366.089
359.837
362.315
359.184
359.942
360.815
359.583
363.183
362.275
365.574
360.056
361.267
360.191
358.420
359.389
361.089
360.667
359.968
365.847
358.216
362.070
362.167
362.373
360.064
361.141
361.240
362.959
362.003
363.853
361.319
363.776
362.840
363.668
362.839
361.768
359.002
361.090
356.658
361.676
362.186
362.866
360.650
361.170
362.236
366.644
361.992
362.657
364.215
362.418
360.968
362.438
361.572
359.825
365.584
359.997
360.746
361.749
361.721
359.476
363.939
362.668
361.161
362.780
362.651
361.448
359.283
360.397
364.207
361.970
362.699
362.708
359.957
362.212
361.651
361.324
362.351
359.894
363.416
361.900
360.862
367.601
364.001
361.280
362.800
362.051
360.715
365.647
361.374
362.046
362.437
360.040
361.476
363.939
360.382
362.359
361.675
363.639
360.480
360.027
364.392
362.605
360.940
365.224
363.108
360.449
362.337
361.029
363.676
361.095
363.947
364.827
363.786
365.166
360.177
361.394
360.004
359.554
363.676
362.958
361.750
361.844
361.537
361.366
358.881
362.144
360.544
362.375
359.912
361.147
360.786
364.009
362.334
364.315
361.839
362.860
363.341
361.552
364.653
363.748
362.869
362.862
361.943
367.059
361.138
362.614
360.381
361.142
364.508
361.535
362.712
359.154
359.520
359.359
361.645
363.248
362.997
361.476
362.361
361.753
358.250
362.762
360.583
363.264
360.451
362.899
361.925
358.143
363.581
366.287
361.163
366.797
360.713
363.030
363.104
360.045
363.086
362.272
363.338
362.105
360.212
361.540
361.768
358.780
363.381
367.357
363.768
360.739
360.628
359.835
360.035
362.178
363.221
363.020
360.928
360.819
361.525
361.907
363.364
363.722
359.281
364.593
361.711
362.782
361.324
359.086
361.873
363.699
364.078
360.362
363.138
361.340
364.695
364.616
362.621
363.375
360.666
362.730
361.825

Results for RHC: 
Correctly classified 19247.0 instances.
Incorrectly classified 753.0 instances.
Percent correctly classified: 96.235%
Training time: 107.902 seconds
Testing time: 0.152 seconds

Results for SA: 
Correctly classified 12945.0 instances.
Incorrectly classified 7055.0 instances.
Percent correctly classified: 64.725%
Training time: 106.873 seconds
Testing time: 0.146 seconds

Results for GA: 
Correctly classified 19247.0 instances.
Incorrectly classified 753.0 instances.
Percent correctly classified: 96.235%
Training time: 12281.875 seconds
Testing time: 0.198 seconds

inputLayer=16, hiddenLayer=16, outputLayer=1, trainingIterations=500
