
Error results for RHC
---------------------------
2495.796
2511.381
2421.751
2418.202
2383.097
2460.884
2383.097
2464.286
2524.982
2422.273
2409.710
2392.757
2399.161
2376.325
2378.192
2376.325
2298.309
2308.262
2759.664
2058.512
2131.227
2051.516
2051.436
2045.172
2055.633
2199.043
2118.322
2046.627
2208.870
2001.945
2002.126
2024.319
2001.945
1998.845
2072.753
1991.427
1993.749
1992.461
2036.307
2172.417
1991.427
1850.667
1836.171
1836.103
1834.516
1750.473
1773.217
1751.818
1750.084
1788.793
1745.092
1779.086
1564.217
1612.269
1538.135
1538.205
1536.475
1508.726
1507.277
1533.257
1508.555
1475.941
1566.310
1475.963
1481.006
1555.050
1460.871
1459.004
1507.691
1303.493
1302.529
1305.510
1382.530
1358.486
1313.451
1304.694
1263.114
1629.543
1412.432
1200.456
1176.722
1154.559
1154.508
1155.947
1174.078
1131.635
1162.620
1131.636
1131.526
1128.918
1102.062
1072.190
1063.879
1029.109
1030.717
1077.555
1019.372
975.975
975.975
973.662
973.486
939.961
907.658
896.928
896.928
883.694
852.051
853.316
844.173
830.581
830.574
980.388
881.243
843.437
840.921
811.062
803.027
803.027
819.263
774.635
723.594
739.635
726.243
783.393
723.646
759.837
727.053
764.783
723.593
737.246
673.107
673.459
673.136
870.202
678.859
672.955
670.746
649.829
658.945
652.704
648.564
648.561
651.381
603.196
612.925
596.364
543.635
544.122
543.635
543.060
543.060
772.550
554.328
533.598
533.598
562.121
534.152
552.850
524.687
526.683
509.959
509.959
510.594
510.456
509.332
509.327
507.413
503.640
516.139
503.640
503.640
502.573
505.212
500.443
488.100
496.220
450.418
450.316
454.873
476.497
450.316
455.279
450.942
449.518
458.114
449.578
443.002
443.034
442.750
450.856
442.754
442.805
413.623
411.352
438.940
422.943
404.816
405.001
404.816
388.820
388.592
386.204
386.204
386.204
386.256
385.460
385.558
385.712
389.030
385.387
390.218
385.387
384.629
378.605
377.843
380.085
378.315
378.111
377.818
377.678
377.647
381.385
387.903
377.647
377.647
377.205
377.668
377.533
371.998
371.931
371.931
372.484
372.491
371.012
370.826
370.427
382.408
369.821
369.453
369.454
369.453
369.488
369.250
369.369
369.483
369.227
372.108
369.557
369.471
369.181

Error results for SA
---------------------------
5989.324
6033.901
6170.246
6170.246
6134.673
6181.112
6181.112
6181.219
6181.219
6158.995
6304.758
6302.303
6539.869
6583.660
6458.568
6500.245
6488.526
6489.014
6480.173
6480.606
6474.871
6474.833
5724.985
5724.985
5735.207
5790.757
5806.268
5652.721
5676.269
5687.310
5776.147
5787.366
5915.257
6221.519
6231.773
5791.029
6220.000
6150.777
6150.932
6182.644
6043.264
5943.290
5943.290
5944.431
5947.198
5947.198
5906.281
5906.457
5857.090
5930.061
5929.995
5929.995
5930.081
5930.085
5925.121
5926.290
5926.279
6112.801
5837.219
5613.267
5613.267
5719.638
5720.455
5433.609
5433.609
5433.609
5433.609
5639.621
5546.843
4595.469
4487.376
4433.790
4447.235
4489.726
4411.006
4417.827
4419.501
4419.174
4400.941
4411.224
4398.759
4127.654
4138.201
4310.324
4310.337
4313.129
4348.944
4347.793
4242.363
4237.673
4084.191
4085.264
4037.819
4050.323
4050.323
4050.323
4052.143
4052.143
4052.221
4079.861
4048.602
3833.498
4093.027
4067.457
4067.457
3980.892
3868.885
3865.630
3825.757
3364.151
4166.866
4123.028
4172.930
4123.077
4130.037
3983.600
3983.600
3675.099
3704.852
3650.859
3456.826
3456.655
3657.423
3200.283
3174.563
3217.970
3331.032
3352.506
3352.506
3347.319
3482.455
3482.455
3520.470
3318.389
3318.389
3286.440
3367.071
3241.741
3300.622
3642.736
3724.072
3721.782
3613.341
3608.081
3575.828
3577.948
3577.762
3504.533
3504.692
3664.976
3474.155
3634.740
3648.700
3826.623
3826.623
3826.623
3827.124
3620.901
3620.757
3572.965
2840.885
2844.789
2775.647
2741.411
2232.655
2235.273
2612.291
2704.200
2846.033
2916.539
2912.032
2689.664
2690.092
2722.377
2526.891
2626.940
2679.032
2770.052
2968.098
2684.096
2684.235
2686.587
2679.506
2877.549
2871.086
2871.069
3011.586
3021.369
3155.106
3155.030
3135.202
3211.294
3398.124
3398.124
3398.581
3398.405
3015.925
3115.742
3094.767
3093.316
3086.237
3086.237
3099.175
3099.174
3099.174
3099.945
3072.157
3050.040
3703.588
3688.760
3670.376
3626.602
3626.592
2656.605
2369.235
2628.315
2649.508
2618.780
2618.509
2592.806
2592.806
2593.986
2591.247
2599.966
2620.583
2693.750
2693.750
3056.611
2920.601
2777.156
2778.794
2778.794
2718.042
2809.615
2957.098
2956.583
2441.297
2552.233
2543.239
2490.379
2490.379
2490.379
2633.315
2652.173
2572.805
2489.174
2527.300
2527.300
2518.634
2527.731

Error results for GA
---------------------------
3115.945
1717.292
1817.070
2209.009
2510.996
1197.016
1871.564
752.541
393.787
394.407
560.069
591.896
1293.741
390.374
736.311
391.635
392.067
386.652
482.297
436.203
381.999
437.505
389.355
366.537
393.955
445.454
374.424
386.729
365.123
368.743
366.867
410.134
368.059
365.691
378.272
379.354
368.662
368.421
383.286
384.167
364.868
371.349
413.417
370.383
386.726
422.006
383.269
392.075
375.885
371.503
366.109
364.650
385.453
444.465
373.881
368.175
390.003
363.805
370.721
366.181
368.191
369.984
363.165
370.937
368.407
368.965
370.248
365.100
371.279
367.162
375.757
368.800
362.479
372.061
365.931
368.911
364.246
367.363
362.460
367.846
364.747
371.477
369.334
371.103
367.632
367.686
368.330
366.325
366.395
365.965
365.718
364.716
368.240
367.363
368.212
372.264
364.690
370.376
367.914
370.946
365.887
370.443
368.043
371.667
366.077
362.935
366.714
372.246
367.822
379.362
364.724
368.816
363.309
365.162
367.192
366.938
366.145
365.823
366.594
378.292
365.476
365.484
366.044
362.986
368.366
365.791
366.316
371.088
386.906
365.717
367.642
369.033
367.652
360.203
367.129
365.679
366.265
369.510
366.962
370.029
365.040
391.988
369.653
366.546
364.612
365.770
364.279
376.635
371.470
363.732
370.198
366.379
370.630
367.679
365.730
367.679
368.710
384.892
368.185
369.591
367.164
368.578
368.667
365.202
368.498
371.234
365.051
372.110
368.272
372.066
368.318
365.548
366.866
368.228
363.296
369.983
367.067
368.128
363.986
366.597
364.175
366.103
367.842
370.857
375.130
367.732
380.963
364.932
366.942
365.714
364.942
367.207
366.582
367.019
370.209
368.928
367.703
367.177
366.905
363.963
369.248
365.911
367.253
367.502
364.623
368.108
365.910
369.816
367.216
366.380
367.527
366.046
367.381
366.889
366.406
365.419
368.654
365.554
365.213
366.649
365.974
368.434
367.018
365.961
366.346
363.415
370.419
363.459
368.360
368.467
367.161
369.481
367.255
361.905
367.404
364.495
365.950
368.975
368.359
369.710
367.709
380.852
365.954
368.915
369.606
365.233
364.574
366.477
369.508
369.188

Results for RHC: 
Correctly classified 19247.0 instances.
Incorrectly classified 753.0 instances.
Percent correctly classified: 96.235%
Training time: 63.499 seconds
Testing time: 0.182 seconds

Results for SA: 
Correctly classified 5649.0 instances.
Incorrectly classified 14351.0 instances.
Percent correctly classified: 28.245%
Training time: 56.204 seconds
Testing time: 0.144 seconds

Results for GA: 
Correctly classified 19247.0 instances.
Incorrectly classified 753.0 instances.
Percent correctly classified: 96.235%
Training time: 23414.777 seconds
Testing time: 0.194 seconds

inputLayer=16, hiddenLayer=16, outputLayer=1, trainingIterations=250
