
Error results for RHC
---------------------------
3180.073
3081.251
3141.452
3016.486
2992.437
2993.757
2985.511
2989.787
2944.670
2918.967
2863.055
2863.055
2873.715
2974.010
2876.306
2848.816
2765.111
2753.406
2753.406
2757.659
2444.969
2528.553
2504.747
2376.694
2378.120
2440.346
2380.591
2343.823
2312.620
2334.326
2309.202
2328.960
2319.126
2274.329
2260.810
2416.685
2308.933
2268.636
2277.349
2405.940
2409.942
2114.796
2129.366
2118.404
2169.438
1924.770
1944.493
1929.558
1924.618
1941.389
1960.662
2085.066
1972.845
1924.617
1924.617
1924.617
1924.928
1925.268
1932.502
1974.054
1926.154
1924.472
1924.309
1924.309
1931.152
1854.948
1806.079
1702.622
1716.007
1699.424
1690.954
1674.532
1812.063
1716.504
1625.445
1632.097
1554.762
1561.791
1554.762
1556.769
1531.010
1587.287
1627.986
1531.000
1622.890
1531.000
1544.853
1570.313
1557.782
1527.085
1527.084
1527.773
1576.795
1527.195
1564.712
1558.125
1485.503
1485.503
1482.999
1463.900
1478.725
1460.339
1460.339
1455.160
1460.452
1492.477
1540.288
1455.160
1440.909
1440.909
1436.983
1304.542
1304.541
1307.357
1304.778
1340.326
1318.139
1304.541
1192.354
1192.354
1105.720
1189.188
1100.532
1100.532
1011.911
1003.012
1035.269
991.600
978.083
1029.375
960.063
953.268
935.887
930.942
933.227
928.496
959.755
933.611
928.496
954.576
928.500
931.229
910.464
921.195
824.886
824.886
838.401
847.439
824.886
826.372
824.893
844.246
903.727
830.537
923.418
790.526
791.732
795.462
755.732
758.265
815.444
755.897
764.129
755.732
770.912
755.732
738.288
856.973
744.747
773.808
738.288
742.625
738.288
738.288
750.421
737.593
737.914
701.677
747.492
701.677
735.123
722.287
704.046
702.157
725.043
651.834
571.518
580.107
571.721
565.517
560.139
562.439
592.727
561.348
575.007
560.763
559.179
559.179
558.965
592.791
565.106
559.649
564.703
572.419
552.976
541.321
540.496
540.496
540.947
540.496
538.098
549.307
538.011
540.356
537.643
537.620
518.813
483.530
518.332
484.286
487.010
467.673
456.074
455.327
455.327
446.556
446.979
448.182
427.266
426.506
417.928
430.611
414.811
413.503
409.992
410.435
408.925
408.925
403.723
412.982
404.197
410.886
397.246
397.724
412.310
398.343
397.212
397.191
397.191
397.688
397.185
396.916
396.767
396.841
396.873
398.470
397.446
393.795
394.020
395.267
393.914
392.949
392.851
392.874
393.859
392.436
391.314
394.274
390.649
390.783
392.825
390.815
389.637
389.580
389.889
389.241
389.140
389.324
389.833
395.863
386.389
386.791
386.950
387.108
386.391
386.547
386.464
386.473
385.477
385.273
387.068
385.273
386.678
386.222
385.883
386.745
399.330
385.273
373.696
373.696
373.696
373.866
372.995
372.773
373.810
372.747
372.826
373.073
373.105
372.741
372.741
373.691
372.713
371.500
376.369
371.651
373.739
373.749
371.288
371.305
369.099
368.953
369.194
368.993
369.010
368.857
369.000
367.417
367.516
367.233
367.733
368.035
367.449
367.194
366.894
366.912
368.082
367.553
368.218
366.894
366.667
366.355
366.415
366.837
365.906
365.906
365.635
365.635
365.635
365.664
365.591
365.151
365.151
365.151
365.875
365.558
365.152
365.127
365.133
365.339
365.715
366.994
364.977
364.976
364.756
365.445
364.665
366.118
364.672
364.628
364.628
364.631
364.632
364.673
364.651
364.676
364.628
364.596
364.650
364.617
364.596
364.530
364.672
364.451
364.133
364.130
364.000
363.998
363.998
362.960
362.967
362.977
362.960
362.982
364.896
362.940
362.940
362.940
362.816
362.779
362.784
363.760
362.776
362.922
362.776
362.794
362.784
362.838
362.778
362.417
362.417
362.405
362.431
362.394
362.394
362.339
361.124
361.124
361.124
361.082
361.033
360.921
360.934
360.871
360.853
360.827
360.831
360.818
360.701
360.857
360.533
361.111
360.533
360.433
360.464
360.158
360.158
360.150
362.937
360.373
360.147
360.455
360.136
360.137
359.841
359.840
359.942
359.832
359.832
359.868
359.832
359.890
360.530
359.887
359.858
359.832
359.777
359.844
359.542
358.574
358.530
358.897
358.565
358.534
361.872
358.529
358.244
358.247
358.548
358.244
358.243
358.132
358.132
358.142
358.123
357.843
357.843
357.843
357.843
357.865
357.843
357.945
357.846
358.011
357.856
357.843
358.010
357.841
357.845
357.918
357.841
357.897
357.850
357.868
357.841
357.958
357.842
358.459
357.832
357.815
357.813
358.313
357.813
358.489
357.813
358.027
360.293
357.922
357.817
357.800
357.800
357.805
357.760
357.949
357.760
357.761
357.762
357.851
357.609
357.618
357.613
357.549
357.549
357.548
361.905
357.548
357.499
357.480
357.506
357.313
357.265
357.555
357.269
357.459
357.267
357.262
359.114
357.265
361.625
357.021
356.971
356.981
356.958
356.807
356.829
356.799
356.799
356.867
356.432
356.432
356.432
355.906
355.906
356.571
355.901
355.883
355.883
355.725
355.731
355.725
355.725
355.727
355.969
355.727
357.984
355.967
356.054
355.722
355.688
355.548
355.745
355.548
355.669
355.503
355.502
355.531
355.504
355.564
355.619
355.496
355.496
355.898
355.800
355.371
355.407
355.370
355.369
355.513
355.369
355.370
355.545
355.346
355.339
353.707
353.743
357.313
352.560
352.560
352.787
352.560
353.011
353.737
352.600
352.455
352.416
352.859
352.416
352.415
352.397
352.401
352.314
352.294
352.294
352.312
352.294
352.294
352.053
352.053
352.259
352.049
352.050
352.053
352.050
352.093
352.050
352.047
351.969
351.921
351.920
351.811
360.487
352.828
351.826
351.918
351.809
351.809
351.808
351.827
351.813
351.862
351.863
351.784
351.836
351.784
351.760
351.759
351.815
351.766
351.759
357.669
351.759
351.761
351.895
351.757
351.757
351.758
354.294
351.731
351.731
357.149
353.020
351.731
352.087
351.725
351.759
351.798
351.763
351.729
351.776
351.725
351.723
351.727
351.787
351.737
351.723
351.724
351.724
351.718
351.718
351.731
351.721
351.841
351.717
351.717
351.723
352.036
351.717
351.717
351.890
354.526
351.709
351.709
351.709
351.708
351.708
351.679
351.672
351.753
351.667
351.668
351.825
351.667
351.667
350.608
352.052
351.312
350.737
350.612
350.597
351.344
351.135
350.598
350.601
350.607
350.599
350.602
350.549
350.545
359.095
350.545
350.594
350.548
350.572
350.544
350.545
351.399
356.026
350.544
350.544
350.542
350.542
350.542
350.586
350.534
350.534
350.533
350.560
350.492
350.520
350.492
350.492
350.492
350.469
350.465
350.485
350.506
350.115
350.106
350.148
350.180
350.099
350.099
350.180
350.148
350.100
350.123
353.892
350.101
350.099
349.849
349.862
349.849
349.850
349.845
349.845
352.211
356.222
350.393
349.862
350.296
350.193
349.849
349.793
349.729
349.817
349.729
349.730
349.752
349.729
349.729
349.729
354.496
353.387
354.830
349.725
349.725
349.610
349.610
355.995
349.611
349.609
349.585
349.740
349.547
349.631
349.547
349.547
350.379
349.548
349.540
349.540
349.540
349.540
349.539
349.635
349.529
349.532
349.528
349.528
349.123
349.107
349.120
349.097
349.107
349.097
349.509
349.106
349.099
349.097
349.101
349.068
348.711
348.708
348.708
348.708
348.724
348.708
348.701
348.681
348.681
359.163
348.658
348.661
348.658
348.658
348.868
348.658
348.655
348.586
351.561
348.595
348.648
348.586
348.585
349.245
348.585
348.560
348.556
348.557
348.512
348.521
348.512
348.515
348.599
348.512
348.513
348.498
348.498
348.498
348.548
348.490
348.449
348.449
348.449
348.445
348.391
348.389
348.383
348.331
348.330
348.331
348.330
348.515
348.330
348.518
348.592
348.540
348.377
348.331
348.317
348.317
348.317
348.658
348.310
348.387
347.234
347.209
347.210
347.171
347.076
347.073
347.110
347.639
347.972
347.073
347.133
347.074
347.083
347.155
353.652
347.054
346.975
347.233
346.975
346.975
347.471
346.975
346.973
346.966
350.233
348.391
346.974
346.976
346.966
353.933
346.966
346.966
346.791
346.791
346.801
346.759
346.674
346.679
346.616
346.616
346.616
346.652
347.087
351.442
346.616
346.641
346.603
346.599
346.599
347.868
346.605
346.599
346.584
346.608
353.202
346.677
346.584
347.712
346.611
347.269
346.583
346.076
346.076
346.099
346.082
346.076
346.076
346.099
347.200
346.076
346.052
355.041
346.054
346.079
346.194
346.001
345.998
345.998
345.998
345.998
345.998
345.542
345.544
345.531
347.206
346.401
345.510
345.505
345.515
345.505
345.522
352.036
345.505
345.505
345.511
345.509
345.743
347.358
345.513
345.495
345.583
345.452
345.446
345.446
347.826
345.446
345.944
345.444
345.740
345.443
345.434
345.436
345.356
345.402
345.356
345.346
345.346
345.343
345.343
345.343
345.368
345.346
345.345
345.343
345.823
345.345
348.773
345.366
345.343
345.343
345.677
345.343
345.623
345.343
345.329
345.325
345.325
345.325
345.325
345.325
345.324
345.324
345.324
345.342
349.106
345.324
345.417
345.315
347.535
345.315
345.306
345.306
345.313
345.299
345.092
346.947
345.096
345.099
345.148
345.101
345.063
345.948
345.063
345.199
345.073
345.062
345.031
345.022
345.041
345.026
345.022
344.997
344.997
345.006
345.290
344.997
345.478
344.997
345.001
345.000
345.101
344.989
345.015
349.102
344.988
345.221
345.603
345.134
345.226
349.133
344.992
344.988
345.503
344.988
354.783
345.715
345.019
345.030
344.974
345.369
345.526
345.224
344.909
346.901
344.828
344.828
344.826
350.947
344.684
344.692
344.499
344.489
344.489
345.737
344.489
344.489
344.500
344.338
344.338
344.339
344.387
347.145
344.663
347.267
345.299
346.328
345.725
344.375
344.338
344.339
344.797
344.363
344.338
344.338
344.325
346.444
344.323
344.323
345.727
344.323
344.323
346.759
344.327
344.148
344.148
344.148
344.148
344.187
344.148
344.158
346.159
344.148
344.196
344.151
344.095
344.096
344.099
344.074
344.364
344.065
344.065
344.073
344.065
344.059
344.057
345.943
356.719
344.057
344.062
344.164
344.044
344.044
346.315
344.084
344.044
344.044
344.024
344.024
345.893
344.024
344.199
344.024
344.024
343.979
343.992
344.007
343.979
346.234
343.970
343.970
346.360
343.970
343.970
343.970
343.970
343.966
343.966
343.964
343.963
344.198
343.963
345.059
343.963
343.963
343.963
343.956
343.956
343.956
343.959
343.925
343.925
343.923
343.923
346.191
343.861
344.084
343.861
343.866
344.504
344.053
343.861
344.019
344.643
343.910
344.047
343.848
343.852
343.848
344.051
343.838
343.845
343.838
343.954
343.815
345.489
344.941
343.815
347.164
343.721
343.708
343.794
343.942
343.740
345.835
345.533
343.695
343.695
343.938
343.695
343.695
347.395
346.351
343.716
344.862
343.695
343.692
343.810
343.700
343.692
344.221
343.693
343.694
344.211
343.692
343.692
344.134
343.692
343.775
349.699
343.692
343.665
343.672
353.726
343.672
343.665
343.661
343.661
343.648
343.597
343.598
347.444
343.594
343.593
343.593
343.593
343.595
343.601
343.599
343.593
343.599
343.593
343.593
343.671
343.612
343.724
343.622
343.931
343.593
344.008
343.596
343.796
348.257
343.610
344.445
343.593
343.594
343.594
343.593
343.593
343.593
343.577
344.114
344.807
343.577
345.076
344.698
343.577
356.846
343.602
343.911
344.182
345.209
343.583
343.577
343.577
343.577
343.630
343.645
344.555
343.136
345.589
343.589
343.136
343.419
343.136
343.116
343.120
343.116
343.087
343.087
345.292
342.338
341.733
341.735
341.775
343.102
341.787
341.685
342.705
341.685
341.688
344.106
343.568
341.654
341.886
341.655
341.616
342.741
341.616
341.618
341.614
342.356
341.614
341.605
351.702
341.610
341.605
341.605
341.577
341.526
341.594
341.524
341.492
341.572
341.675
343.094
341.560
341.798
341.470
341.470
341.464
341.481
341.019
345.190
343.766
341.022
341.019
341.407
341.019
341.019
341.019
341.732
341.147
341.079
341.337
341.019
341.019
341.019
341.019
341.019
341.018
341.137
341.019
343.441
346.306
341.040
341.091
341.020
340.987
340.987
340.983
341.330
340.555
340.555
340.555
340.129
340.013
339.984
340.510
339.900
339.900
339.894
339.894
343.706
338.353
339.146
338.362
338.550
338.353
338.637
344.266
343.078
338.205
338.219
342.761
347.900
338.205
338.205
338.205
338.650
338.205
338.205
338.205
338.205
338.223
338.209
338.157
338.515
339.577
346.713
338.157
338.585
338.157
343.393
338.157
338.157
345.372
338.226
338.157
338.162
339.665
338.276
338.159
338.159
338.164
337.923
338.036
338.161
337.923
337.921
337.921
337.921
338.221
338.472
337.921
337.890
337.768
337.768
351.047
337.773
337.768
351.160
337.850
337.701
337.697
348.529
337.697
337.776
337.742
337.537
337.969
342.967
343.355
337.825
346.659
337.537
337.624
337.915
337.825
337.535
337.545
337.525
337.588
337.525
341.609
337.522
337.522
337.643
337.522
337.610
337.287
337.288
337.345
337.213
337.222

Error results for SA
---------------------------
3009.364
3009.415
3472.925
3465.643
3465.643
3465.665
3521.556
3720.773
3730.756
3732.754
3755.924
3773.459
3721.927
3793.024
3801.035
3867.145
3867.145
3831.150
3851.557
3769.759
3799.364
3799.416
3909.654
3910.340
3875.253
4036.851
3948.385
3973.523
3985.336
3991.256
3991.711
4154.538
4077.344
4077.119
4673.162
4772.342
4560.424
4560.424
4653.368
4411.779
4576.603
4701.641
5458.730
5458.730
5458.654
5431.596
5431.096
4958.539
4980.980
4980.999
4980.596
5046.089
5044.042
5027.523
4246.008
4270.285
4270.491
4277.868
4272.695
4272.774
4275.076
4272.392
4272.272
4255.781
4255.765
4289.519
4283.303
4283.268
4283.272
4236.910
4278.435
4001.309
3998.424
3738.261
3985.311
3887.522
3840.241
3842.921
3794.211
3800.316
3800.316
3794.732
3819.298
3823.313
3854.855
3846.392
3846.505
3846.499
3846.497
3847.678
3839.107
3840.226
3849.808
3758.950
3702.638
3697.326
3891.700
3893.790
3893.790
3893.761
3990.865
3852.134
3860.388
4011.243
4011.266
4016.253
4016.253
4013.810
4013.754
4070.078
3981.536
3899.737
4027.947
4027.951
4019.969
4019.946
3978.008
3957.549
3971.745
3961.913
3959.063
3456.488
3206.813
3206.808
3228.969
3492.246
3492.245
3491.187
3498.737
3479.901
3479.998
3488.005
3487.983
3505.473
3518.543
3518.543
3518.543
3551.133
3525.818
3510.126
3457.609
3465.441
3455.320
3569.259
3577.695
3570.941
3579.273
3562.705
3563.272
3563.273
3563.272
3573.406
3604.025
3604.025
3606.567
3606.543
3606.543
3751.044
3751.071
3656.949
3931.376
3909.358
4021.817
3904.475
3900.257
3885.941
3885.300
3876.007
3814.591
3814.592
3829.589
3914.568
3914.568
3916.127
3916.127
3916.121
3817.692
3801.832
3961.035
3965.433
3972.178
4053.595
4242.109
4302.810
4247.752
4250.573
4243.483
4243.483
4250.281
4196.066
4201.864
4202.638
4204.581
4211.843
4162.216
4514.831
4514.826
4520.832
4519.081
4567.714
4604.188
4604.188
4631.984
4632.325
4639.537
4568.236
4646.018
4552.942
4634.337
4568.875
4595.460
4592.186
4587.674
4186.889
4069.394
4065.353
4065.353
4064.799
4064.785
4254.285
4254.236
4254.236
4259.574
4216.416
4184.157
4293.915
4291.913
4213.444
4217.047
4217.144
4218.212
4222.856
4222.468
4173.179
4173.472
3248.093
3257.868
3242.067
3215.653
3622.656
3547.465
3607.637
3608.407
3579.627
3578.940
3494.821
3494.821
3516.476
3516.476
3525.367
3565.904
3758.941
3748.152
3700.205
3695.190
3693.909
3399.144
3399.135
3434.053
3375.415
3305.507
3191.633
3204.148
3204.129
3185.694
2904.560
2753.714
2760.143
2795.893
2770.121
2768.652
2768.652
2777.171
2775.702
2764.021
3284.120
3115.043
3662.383
3662.592
3663.249
3586.504
3612.140
3531.950
3530.784
3711.675
3677.250
3755.799
3890.102
3909.855
3867.206
3867.220
3890.771
3920.076
3482.484
3547.662
3651.168
3651.168
3752.646
3731.938
3508.461
3514.654
3348.720
3408.857
3524.751
3524.751
3461.861
3485.860
3485.862
3289.711
3291.303
3290.823
3367.240
3369.032
3369.630
3369.683
3370.242
3306.239
3297.178
3307.673
3278.934
3224.484
3245.749
3334.914
3323.021
3323.008
3323.477
3655.796
3652.085
4213.898
4163.050
4247.925
4428.301
4417.934
4451.781
4452.313
4445.686
4444.463
4552.124
4902.813
4918.991
4906.336
4906.336
5122.314
5126.024
5098.557
5113.411
5113.682
5166.349
5142.025
5135.165
5118.229
5117.764
5133.111
5340.461
5340.461
5340.461
5504.464
5504.861
5295.237
5294.817
5294.000
5639.545
5639.576
5639.576
5614.237
5614.237
5659.260
5676.746
5674.523
5674.649
5677.962
5662.017
5662.913
5661.565
5782.354
5776.036
5776.036
5786.894
5786.874
5785.358
5503.300
5503.288
5495.027
5507.537
5573.332
5578.745
5218.196
5208.254
5209.345
5204.957
4918.670
4836.015
5142.879
5162.084
5068.258
5168.542
5168.565
5107.775
5107.775
5107.775
5140.228
5137.262
5200.515
5205.266
5205.266
4825.153
4864.071
4877.602
4988.598
4989.566
5185.562
5185.537
5185.368
5178.607
5179.212
5180.715
5180.679
5180.748
5175.959
5018.235
5010.944
5066.919
5086.285
5085.569
4548.730
4548.730
4557.947
4557.947
4555.905
4400.965
4027.842
4027.842
4053.141
4096.558
4348.985
4348.993
4521.634
4527.190
4641.860
4645.391
4645.440
4595.249
4595.143
4327.043
4313.783
4291.128
4317.478
4317.478
4207.559
4158.699
4165.243
4388.953
4388.953
4401.562
4208.700
4361.701
4339.019
4290.283
4290.283
4286.636
4283.627
4363.890
4307.458
4372.086
4371.391
4371.387
4361.539
4346.354
4351.262
4351.432
4414.933
4361.233
4361.036
4381.405
4424.795
4519.096
4513.883
4648.813
4669.843
4730.834
4730.834
4735.334
4752.746
4297.886
4214.127
4264.729
4253.086
4181.986
4181.986
4189.108
4351.593
4363.294
4460.607
4562.514
4562.302
4548.062
4548.098
4537.978
5055.710
5168.856
5168.856
5169.711
5022.441
5155.884
5156.745
5150.709
5146.002
5328.602
5318.285
5318.285
5321.927
5317.206
5325.210
5274.481
5129.355
5075.329
5418.776
5289.431
5290.360
5227.752
5219.894
5225.918
4775.773
4775.773
4726.593
4726.593
4495.320
4486.053
4476.351
4479.165
4539.434
4539.408
4528.534
4405.898
4609.810
4622.985
4575.880
4581.501
4581.710
4581.710
4573.525
4573.525
4581.208
4557.454
4557.089
4624.412
4624.192
4608.791
4600.037
4600.259
4632.204
4427.447
4422.552
4421.979
4444.142
4378.300
3505.516
3504.518
3506.609
3327.175
3179.339
3228.606
3233.673
3233.673
3308.895
3287.737
3290.889
3289.336
3289.445
3363.617
3542.291
3544.208
3510.335
3360.117
3360.117
3421.688
3422.717
3420.186
3396.642
3390.083
3509.588
3537.931
3538.018
3534.328
3535.383
3534.816
3534.816
3347.872
3312.213
3443.639
3499.512
3490.191
3485.021
3485.097
3484.999
4512.221
4512.221
4512.177
4512.093
4512.265
4512.265
4512.813
4564.657
4537.149
4536.406
4449.795
4449.723
4447.149
4451.474
4462.549
4451.754
4451.673
4226.675
4243.571
4103.097
4030.952
4051.127
4051.845
4055.307
4051.522
4118.821
4103.840
4101.902
3852.930
3854.184
3854.076
3845.718
3794.477
3775.140
3708.949
3699.976
3685.215
3799.133
3799.824
3639.813
3639.813
3643.265
3642.306
3646.504
3683.117
3681.502
3682.591
3682.579
3498.276
3501.165
3444.701
3397.655
3402.254
3392.905
3383.525
3384.986
3383.767
3405.969
3286.264
3277.448
3439.257
3443.833
3501.934
3501.921
3501.921
3642.795
3647.260
3546.700
3560.260
3560.294
3588.941
3536.324
3541.921
3576.186
3706.017
3724.333
3724.333
3705.112
3740.916
3741.845
3738.179
3739.626
4055.590
4061.055
4060.553
3966.421
3965.664
3965.607
3986.345
3987.584
3903.834
3881.915
3867.615
3860.169
3862.818
3814.479
3612.568
3618.836
3618.653
3617.753
3617.543
3892.255
3612.228
3709.028
3729.469
3724.023
3759.256
3759.256
3748.157
4028.499
3748.219
3669.932
3672.060
3692.283
3730.840
3637.391
3620.981
4071.145
3620.981
3620.981
3735.759
3620.928
3660.342
3609.022
3621.685
3652.537
3651.098
3651.118
3664.909
3000.779
2968.275
2967.193
2620.394
2669.077
2741.676
2614.094
2623.274
2623.273
2586.933
2603.649
2618.725
2603.649
2602.378
2589.970
2590.060
2590.825
2683.503
2485.333
2442.531
2451.829
2452.654
2455.579
2618.695
2455.784
2456.152
2459.550
2462.330
2448.487
2526.463
2447.851
2634.583
2449.683
2343.337
2350.125
2343.452
2325.212
2333.115
2389.739
2365.213
2311.354
2404.817
2368.793
2313.386
2308.870
2308.933
2190.829
2140.961
2137.717
2136.590
2136.590
2049.577
2049.451
2042.645
1909.556
1910.574
1933.036
1994.167
1971.997
1904.900
1906.459
1892.945
1893.426
1761.703
1914.748
1753.450
1742.164
1742.164
1748.112
1726.531
1726.531
1734.566
1695.158
1673.651
1673.651
1677.265
1673.438
1673.420
1839.105
1799.303
1673.420
1672.045
1543.909
1627.573
1519.534
1519.545
1497.391
1471.483
1471.961
1471.483
1474.662
1505.618
1567.573
1465.619
1464.736
1461.936
1461.936
1497.828
1465.164
1465.078
1437.279
1393.861
1371.647
1372.363
1371.647
1370.221
1363.645
1382.119
1363.645
1355.854
1348.345
1348.345
1351.600
1342.107
1314.783
1309.678
1332.373
1310.184
1309.646
1308.556
1296.055
1296.251
1295.819
1268.401
1264.835
1264.835
1273.171
1342.489
1277.264
1632.467
1264.012
1262.680
1262.517
1261.426
1247.309
1260.925
1245.953
1245.203
1245.203
1214.013
1200.945
1202.841
1200.883
1290.647
1192.353
1156.581
1165.819
1140.843
1139.745
1132.140
1139.511
1211.105
1240.962
1132.140
1132.140
1132.140
1130.311
1250.091
1118.770
1191.592
1118.783
1220.739
1118.765
1104.699
1102.662
1111.232
1095.015
1095.015
1095.441
1100.415
1096.272
1096.054
1132.208
1133.617
1095.283
1045.039
1055.726
1045.039
1043.273
996.306
967.790
967.221
984.449
968.002
968.205
967.005
1017.515
954.304
955.862
979.477
943.799
943.801
944.690
962.361
941.751
960.836
939.308
826.535
828.056
801.343
801.343
799.968
756.296
757.491
754.805
746.372
767.352
654.306
654.306
654.249
654.324
646.725
657.062
650.474
645.796
638.037
627.410
623.960
623.909
623.810
673.830
624.018
623.810
623.031
613.105
613.092
606.649
603.098
605.023
633.466
606.038
603.202
603.098
603.098
614.960
603.355
603.273
603.565
603.153
581.500
581.959
581.808
574.295
571.628
571.626
571.187
569.642
571.351
559.429
614.961
565.562
562.549
537.289
535.963
537.508
558.648
535.966
536.043
549.054
522.790
520.134
540.765
520.134
519.177
519.177
519.177
519.627
516.208
522.792
518.278
516.241
511.862
519.753
512.637
513.467
511.850
512.004
511.670
511.670
510.973
510.725
510.730
510.725
510.841
509.557
509.129
509.247
510.186
509.865
506.293
506.728
505.871
505.700
507.163
505.635
505.763
507.238
505.371
504.296
503.993
503.994
502.174
510.951
503.156
500.897
500.034
498.503
499.557
496.909
497.606
496.909
496.519
497.818
497.075
496.519
496.519
495.541
493.438
496.223
493.311
493.961
491.089
492.130
489.235
507.183
480.869
479.737
479.329
481.426
478.375
478.376
479.629
477.288
477.302
477.388
477.295
477.701
465.648
465.648
465.908
456.427
611.288
513.486
453.881
454.197
453.881
452.294
449.593
448.938
448.938
449.150
448.046
446.076
446.076
444.685
447.412
444.127
443.324
444.601
443.327
441.578
441.578
441.578
441.708
441.437
444.713
442.066
441.247
440.865
439.962
440.475
439.763
439.763
439.369
439.552
435.673
441.629
435.373
434.650
435.275
435.095
434.112
434.145
434.415
434.096
434.096
433.981
433.968
433.968
433.966
433.968
433.980
434.002
433.966
431.761
431.616
431.615
432.159
431.626
413.373
413.374
413.267
413.237
414.138
413.235
414.244
413.576
413.302
413.235
413.076
413.122
413.038
413.043
413.819
408.049
410.321
408.049
408.015
407.909
407.909
405.233
405.198
405.220
400.252
400.586
400.252
399.120
399.117
400.390
401.154
394.009
393.736
392.432
392.434
392.423
392.546
392.466
392.423
387.862
387.833
388.185
404.223
387.807
387.801
387.857
387.653
387.656
387.935
389.131
387.147
386.925
387.729
388.401
386.918
386.919
386.872
386.681
386.617
386.618
384.261
384.282
384.292
384.441
385.038
395.343
385.309
384.261
384.692
384.261
384.310
384.966
384.261
384.280
384.275
384.368
384.326
384.051
382.466
383.730
381.733
381.736
381.721
381.891
381.321
379.617
379.532
379.532
379.418
376.997
376.955
377.037
376.955
374.818
377.153
374.824
378.730
371.569
371.650
371.569
371.569
370.883
370.916
370.936
372.781
370.621
370.621
370.621
370.322
370.154
370.207
370.590
370.182
370.167
370.230
370.400
370.154
370.106
370.106
370.077
370.074
370.085
369.930
371.736
369.903
371.959
369.902
371.202
369.902
369.989
368.655
368.598
368.501
368.382
366.388
365.643
365.956
365.643
365.562
365.562
365.297
365.170
363.648
363.582
363.531
363.962
363.724
363.594
363.509
364.655
363.509
363.733
363.533
363.406
363.406
363.324
363.329
363.324
363.169
363.169
363.164
363.166
362.887
362.892
362.887
362.896
362.888
362.897
362.887
362.891
362.889
362.856
362.862
362.857
362.846
362.884
362.892
363.164
362.902
362.851
362.854
362.846
362.590
362.590
362.655
363.786
363.431
362.582
362.582
362.812
362.302
362.302
362.883
362.302
362.279
362.276
362.298
362.276
362.317
362.275
362.275
362.270
362.519
362.271
362.270
362.404
362.247
362.264
362.248
362.247
362.337
362.255
362.244
362.152
362.152
363.105
361.931
361.883
361.739
361.730
361.715
361.781
361.748
361.715
361.630
361.636
361.548
361.509
361.229
361.315
361.228
361.232
361.222
361.222
361.222
361.196
361.196
361.196
361.196
361.196
361.197
361.348
361.098
361.118
361.086
361.091
361.145
360.694
360.700
360.695
360.679
360.679
360.678
360.679
360.677
360.675
360.677
360.656
360.657
360.656
360.658
360.655
360.834
360.653
360.650
360.729
360.651
360.626
360.626
360.626
360.626
360.624
360.721
360.624
360.624
360.624
360.625
360.624
360.624
360.653
360.623
360.629
360.623
360.611
360.742
360.572
360.830
360.572
360.782
360.697
360.579
360.580
360.619
360.505
360.519
360.509
360.488
360.488
360.487
360.890
360.489
360.512
360.448
360.448
360.449
360.438
360.438
360.443
360.438
360.437
360.434
360.439
360.843
360.433
360.433
360.509
360.550
360.433
360.434
360.354
360.356
360.105
360.105
360.091
360.114
360.088
360.092
360.088
360.118
360.107
360.088
360.084
360.085
360.084
360.084
360.155
360.084
360.084
360.090
360.084
360.041
360.130
360.038
360.055
360.018
360.063
360.017
360.015
360.015
360.048
360.060
360.015
360.015
360.019
359.911
359.911
359.911
359.910
359.911
360.167
359.910
360.416
359.907
359.913
359.907
360.086
359.909
359.939
359.902
359.901
359.891
359.899
359.883
359.883
359.879
359.879
359.873

Error results for GA
---------------------------
1554.913
2046.394
2549.436
1454.851
640.528
1943.249
917.496
1841.160
2597.981
1166.160
1449.177
1272.463
2740.733
1130.838
857.392
3931.216
706.807
1289.820
715.517
654.152
581.251
2731.949
468.951
435.169
493.281
2106.202
435.741
515.010
1146.312
473.154
565.619
639.313
801.457
505.827
457.188
388.704
369.155
1264.328
669.400
413.849
424.114
700.897
568.550
422.227
424.114
389.523
402.127
443.546
391.538
360.752
415.276
377.213
363.486
856.578
359.360
363.532
629.641
522.675
372.301
650.051
470.914
367.381
845.357
369.342
371.331
376.302
363.709
368.022
365.539
415.330
366.714
388.369
365.217
358.738
367.353
364.988
376.805
361.576
369.192
363.375
516.388
365.152
376.747
362.981
365.379
369.026
364.297
371.689
360.298
360.373
368.391
405.260
366.060
369.113
362.070
366.692
365.144
372.412
366.627
379.408
367.757
368.959
366.932
367.391
363.373
370.434
372.942
369.749
368.285
363.808
365.495
370.637
372.693
368.686
371.693
404.593
363.554
362.602
364.318
355.665
373.878
370.449
364.199
370.072
366.042
370.432
366.180
388.974
365.562
368.388
362.776
442.936
366.455
363.567
362.127
367.335
365.114
367.368
367.319
364.397
370.781
366.363
365.659
364.262
368.655
367.952
370.548
366.345
369.278
364.357
372.721
366.652
365.777
366.291
500.105
369.219
369.821
367.747
365.833
368.507
367.546
366.322
363.273
366.251
366.673
369.600
367.834
363.192
364.024
370.916
368.739
362.684
369.640
369.821
366.266
369.119
370.671
364.500
367.724
367.058
376.047
364.724
366.502
365.174
374.735
382.200
366.735
369.027
370.791
368.187
367.066
367.608
363.453
360.696
369.324
367.858
368.800
366.602
364.391
367.458
365.107
365.397
375.865
372.465
369.909
366.990
368.162
365.470
369.030
368.809
366.971
367.358
366.248
368.766
365.857
370.913
367.857
366.575
366.135
371.646
367.183
369.032
367.797
368.921
366.403
364.788
370.594
364.213
364.053
366.546
365.800
367.322
366.248
372.128
361.572
366.371
363.920
366.456
369.143
366.786
366.715
362.445
366.989
366.463
359.983
359.616
364.698
367.500
366.765
370.008
368.014
367.485
367.138
367.630
367.757
366.818
362.990
366.051
369.191
363.305
366.406
365.815
365.653
369.775
361.802
362.736
365.500
369.001
366.165
368.267
369.690
365.778
363.303
364.693
366.191
363.915
365.826
367.490
369.054
368.061
367.381
369.344
366.691
366.324
374.399
367.131
364.598
364.212
364.346
367.665
367.466
367.828
365.051
365.472
365.524
369.106
364.673
361.581
365.486
366.082
367.849
365.409
365.612
368.238
365.617
366.802
369.707
367.131
367.811
364.952
363.251
364.335
369.526
362.185
372.230
364.215
368.851
366.760
364.663
368.030
366.951
367.403
365.695
366.492
368.769
368.254
365.415
369.114
369.196
366.902
370.986
367.659
364.373
368.189
366.857
366.775
366.548
368.807
367.414
366.254
364.431
369.472
366.221
367.700
366.336
368.751
367.501
368.476
368.544
369.021
367.992
367.472
368.399
366.082
368.302
367.976
368.155
368.629
366.329
365.339
365.728
366.140
365.870
369.103
367.376
369.529
365.845
367.581
366.511
362.717
367.060
370.763
369.215
365.428
368.579
365.145
366.163
364.458
366.407
367.522
364.428
368.110
365.119
364.033
367.284
367.156
365.046
363.833
366.467
366.017
365.582
365.591
363.138
365.317
367.802
367.663
364.180
366.417
366.437
363.369
367.506
364.422
365.718
365.872
363.245
367.194
369.129
364.282
364.804
367.298
366.379
365.379
366.197
365.763
366.118
366.706
367.267
365.184
366.156
364.295
367.295
365.040
365.923
363.887
367.043
367.060
363.958
365.014
365.611
364.158
365.950
361.614
362.044
361.675
363.759
365.271
363.793
364.544
366.277
366.293
364.652
366.335
366.538
366.533
365.489
365.814
364.042
366.630
363.921
365.550
361.442
365.969
364.619
363.112
361.706
364.075
366.185
365.761
367.206
366.451
364.763
363.560
364.696
368.057
363.605
367.385
362.807
363.657
365.397
365.819
365.635
365.046
362.818
364.086
365.986
366.244
361.242
362.483
362.613
363.605
363.460
365.141
364.141
364.474
364.592
365.459
364.229
365.928
363.092
364.173
366.250
361.761
366.133
365.844
365.595
362.244
361.522
362.877
364.035
361.384
365.645
364.495
364.654
361.560
364.363
366.479
365.801
365.890
363.965
362.063
364.830
364.563
361.979
366.087
366.741
366.235
363.529
364.625
362.102
362.662
363.443
365.021
367.439
365.219
363.181
365.796
366.655
363.394
362.924
362.311
365.594
363.992
364.466
363.093
364.821
366.340
363.133
366.074
363.254
366.472
363.218
364.923
363.234
364.730
365.247
362.054
364.884
365.095
364.715
363.994
364.995
363.747
362.167
362.978
364.293
364.740
367.744
367.451
365.617
365.090
365.150
364.090
362.942
367.341
367.688
367.688
364.342
363.487
362.427
368.691
368.675
364.559
366.572
363.729
365.213
364.742
365.979
363.726
364.452
364.900
367.349
366.105
365.858
364.227
364.963
365.708
364.300
367.018
366.282
365.668
362.875
365.362
366.617
365.838
365.828
367.941
366.167
366.112
364.175
365.455
367.425
362.514
366.542
367.013
366.354
364.217
363.880
366.827
363.823
363.212
364.550
368.323
366.513
369.050
365.049
365.947
364.936
365.330
366.693
365.064
364.431
365.033
367.145
366.260
366.482
364.708
363.365
366.388
367.367
365.289
364.441
365.007
363.919
364.505
364.365
364.681
364.374
367.200
366.352
363.374
365.192
365.826
363.400
363.430
363.865
364.509
364.736
365.465
368.271
363.699
365.763
364.180
365.196
362.740
364.884
363.636
365.760
365.339
366.268
364.394
367.921
365.869
365.170
365.566
363.810
363.323
365.778
368.413
364.019
366.150
366.535
367.436
363.511
365.418
365.121
368.488
365.473
365.625
366.229
363.925
365.210
367.088
366.072
363.689
366.019
366.450
365.429
365.735
362.290
363.574
361.488
366.189
362.537
365.441
364.568
364.305
365.579
363.331
366.562
365.399
363.346
364.184
364.396
364.558
366.015
362.173
365.422
362.554
361.945
365.735
362.465
363.686
362.683
365.594
363.466
364.310
366.639
363.133
363.744
365.056
366.209
363.247
365.319
365.256
362.739
365.292
365.898
364.735
365.925
366.256
362.751
362.364
366.208
363.787
366.043
365.623
365.020
364.583
364.698
366.483
366.823
365.867
364.442
365.967
366.467
366.318
364.403
365.203
365.487
364.899
362.940
365.395
362.808
365.381
365.001
362.209
366.330
366.086
366.583
363.976
365.376
364.887
362.500
363.015
364.087
363.520
364.323
368.230
364.328
363.713
361.923
364.772
365.895
367.554
366.473
367.076
364.375
366.876
367.630
364.637
365.293
363.808
366.747
362.298
362.358
362.617
364.418
360.615
364.138
362.928
366.034
361.978
362.089
363.262
366.435
365.242
364.044
365.968
364.576
366.029
363.235
363.940
365.621
364.938
365.011
364.673
369.509
369.582
364.577
365.127
363.337
364.374
365.087
366.751
364.016
362.158
365.019
365.014
363.143
365.896
364.333
363.720
363.800
364.577
363.756
361.202
365.239
364.372
363.618
365.833
365.893
365.741
363.449
364.382
363.401
364.286
365.108
364.424
364.689
362.218
363.044
361.608
365.379
364.741
362.338
364.540
363.747
364.739
365.314
364.250
363.583
361.596
362.931
364.729
367.123
363.541
363.568
362.456
361.812
364.254
363.826
364.611
365.867
363.072
365.103
363.297
364.073
362.141
362.876
365.647
363.855
365.479
365.627
365.129
363.708
364.861
362.909
364.686
362.446
364.058
364.771
364.665
364.631
364.673
364.490
364.664
366.448
367.483
362.391
361.909
366.199
366.607
362.575
363.167
367.356
367.302
362.014
363.145
363.601
365.914
364.859
367.472
367.471
365.333
367.603
364.384
368.709
364.190
365.090
365.896
362.731
363.909
363.652
362.676
365.288
363.806
361.569
368.585
361.862
364.569
364.112
364.479
365.482
363.537
364.600
365.287
366.983
362.486
363.644
364.866
366.025
366.534
364.695
365.610
364.727
364.073
364.024
365.096
366.770
364.608
365.218
368.235
363.192
362.824
364.621
364.905
362.826
367.675
366.844
367.669
363.359
364.489
364.089
366.916
364.031
365.018
365.695
365.235
364.719
364.400
366.425
363.771
365.069
364.512
365.466
362.808
362.159
365.127
363.031
364.187
365.368
365.185
365.801
364.622
364.794
363.847
364.122
364.643
365.141
364.109
365.514
364.776
365.266
365.337
365.488
365.823
365.558
364.502
364.802
364.623
364.827
368.185
365.023
365.321
364.459
366.069
366.158
365.111
364.102
364.478
364.690
366.673
363.344
365.535
365.922
365.952
365.335
362.574
364.895
365.294
364.843
366.082
364.920
365.228
364.904
365.712
363.910
363.227
364.837
365.168
366.631
364.756
365.581
363.778
364.274
363.581
364.031
364.974
365.094
365.571
364.170
365.030
365.141
364.944
363.894
367.882
363.583
364.966
366.653
365.847
362.869
366.496
364.701
366.316
365.967
366.721
366.154
364.612
364.217
365.824
365.012
365.764
365.318
366.157
367.469
363.326
367.402
365.569
365.389
363.707
365.479
365.949
363.725
363.873
366.586
366.501
365.708
364.336
364.608
366.218
366.864
362.969
364.862
366.269
365.607
366.116
365.343
364.475
364.582
365.467
365.433
366.012
366.895
366.018
365.109
366.004
364.772
363.471
364.767
363.578
365.612
364.627
366.954
365.417
365.358
365.002
366.159
365.006
364.185
367.113
364.912
365.246
366.864
365.108
365.272
366.743
364.647
363.403
367.122
364.159
365.505
365.499
369.066
363.910
364.188
365.082
364.979
363.714
366.470
364.551
364.786
366.078
363.587
365.267
364.310
364.725
364.945
364.871
365.152
364.259
362.940
366.140
364.764
364.880
364.633
366.870
366.182
365.742
366.953
364.397
364.669
365.520
365.762
363.813
366.867
365.949
364.704
364.679
365.820
363.604
364.080
364.254
362.608
364.656
364.574
364.062
366.826
363.908
364.278
364.085
364.545
363.611
363.249
363.793
362.573
365.368
366.222
364.247
365.421
363.192
363.548
366.947
364.587
363.988
364.174
365.152
365.922
364.786
364.359
361.664
363.969
363.456
365.286
363.808
365.679
362.937
365.516
365.347
365.898
366.295
363.832
366.058
364.197
363.206
364.127
363.740
364.203
364.854
363.033
366.288
365.990
365.752
365.044
366.179
366.508
365.154
365.066
364.715
363.412
365.661
362.793
363.521
364.480
364.801
365.162
363.356
365.139
364.132
362.818
364.049
363.573
365.243
365.134
364.512
365.935
366.192
365.240
366.148
363.008
364.537
364.915
366.871
364.423
364.588
362.674
363.613
365.533
363.979
365.641
363.952
366.049
362.106
365.730
366.539
364.002
364.862
364.948
362.975
364.489
364.077
362.838
364.259
363.750
363.734
365.436
364.644
366.168
365.932
364.146
365.462
367.780
365.526
364.031
364.261
367.366
364.365
366.500
365.123
365.051
366.600
363.243
363.509
366.993
363.844
365.702
363.138
365.356
363.652
365.128
364.289
367.103
366.837
366.670
362.960
364.283
363.439
363.985
363.739
367.359
364.288
365.112
367.350
363.815
363.327
364.622
363.956
365.088
366.360
366.800
363.940
364.401
363.481
363.599
363.205
365.764
363.908
363.369
365.441
363.995
363.275
365.320
364.218
364.088
365.086
365.246
363.796
363.895
364.929
364.349
364.933
364.973
364.238
365.150
366.000
364.195
365.070
364.353
366.162
364.648
365.894
365.852
365.208
364.876
365.747
363.776
365.368
366.103
363.884
364.508
366.376
364.598
364.776
365.047
364.980
365.301
366.199
364.448
364.270
361.971
364.096
364.937
362.873
364.609
364.281
365.403
366.771
365.421
365.026
365.491
364.625
364.317
363.779
365.659
365.090
361.135
366.403
366.074
363.463
363.794
364.239
363.440
365.861
364.448
364.562
362.587
364.349
364.825
361.965
364.766
362.826
365.385
363.701
363.850
364.234
365.313
362.286
364.952
364.685
365.590
364.181
365.137
364.268
364.347
365.519
366.593
365.003
363.841
364.358
364.233
366.682
364.433
364.508
365.477
364.926
365.087
365.529
364.983
366.108
366.330
365.781
365.300
365.900
365.416
365.038
364.193
364.475
364.637
365.040
365.515
365.200
364.882
362.813
365.509
365.894
364.605
364.044
363.516
367.267
363.254
364.374
364.645
364.845
363.931
364.402
365.303
364.989
366.026
365.334
365.471
365.196
363.445
365.136
363.423
364.696
365.414
365.653
364.836
362.017
365.436
365.271
364.624
366.117
364.912
364.721
363.162
364.692
365.959
364.799
363.807
364.309
362.792
366.020
366.007
364.711
364.183
366.761
362.712
364.833
365.120
362.906
363.371
365.587
365.656
365.929
365.181
364.668
364.722
364.352
365.078
365.025
364.795
364.570
365.349
379.819
366.025
365.991
364.749
365.365
377.623
364.731
365.116
364.403
365.862
363.159
364.223
363.927
364.944
363.061
364.578
364.806

Results for RHC: 
Correctly classified 19247.0 instances.
Incorrectly classified 753.0 instances.
Percent correctly classified: 96.235%
Training time: 263.839 seconds
Testing time: 0.144 seconds

Results for SA: 
Correctly classified 19247.0 instances.
Incorrectly classified 753.0 instances.
Percent correctly classified: 96.235%
Training time: 261.034 seconds
Testing time: 0.137 seconds

Results for GA: 
Correctly classified 19247.0 instances.
Incorrectly classified 753.0 instances.
Percent correctly classified: 96.235%
Training time: 10614.318 seconds
Testing time: 0.125 seconds

inputLayer=16, hiddenLayer=16, outputLayer=1, trainingIterations=1500
