
Error results for SA(Cooling Rate: 0.15000000000000002)
---------------------------
3929.342
4049.744
4049.744
4049.705
4049.315
4097.394
4097.429
4157.786
4157.017
4340.403
4276.992
4143.514
4114.843
4204.342
4513.806
4513.806
3901.418
3925.521
3918.245
3916.280
3969.508
3851.670
3868.837
3860.021
3851.670
3963.349
3851.653
3873.986
3850.171
3844.504
3868.717
3846.114
3844.487
3449.057
3432.449
3438.493
3463.397
3423.972
3425.158
3422.104
3654.366
3342.206
3343.401
3386.927
3342.126
3342.126
3348.558
3346.068
3173.541
3006.422
2921.552
2922.174
2956.800
2921.558
2847.024
2864.813
2866.741
2812.105
2839.465
2796.828
2853.129
2796.258
3189.709
2811.894
2796.258
2797.432
2818.928
2797.197
2861.164
2842.951
2796.261
2881.096
2827.818
2795.168
2947.158
2881.892
2800.787
2795.168
2729.286
2731.500
2844.422
2728.544
2710.549
2724.134
2710.555
2797.161
2710.564
2712.739
2896.747
2709.148
2709.151
2818.171
2706.962
2704.549
2695.017
2695.020
2694.094
2692.805
2783.476
2690.351
2763.010
2688.936
2688.200
2688.701
2688.904
2683.379
2683.383
2426.005
2426.014
2426.005
2520.598
2933.037
2523.386
2515.483
2544.821
2425.153
1755.869
1755.869
1755.985
1761.565
1786.600
1759.106
1803.399
1761.605
1745.742
1683.250
1870.416
1682.328
1683.758
1498.017
1498.017
1498.397
1498.018
1430.479
1430.479
1469.160
1431.986
1420.115
1052.230
967.550
987.124
967.546
964.088
803.409
797.162
798.712
797.162
846.211
798.240
598.026
597.557
602.607
605.686
597.586
597.537
593.956
594.498
567.194
567.194
567.114
783.175
565.045
561.338
561.478
556.844
556.844
569.682
556.841
560.454
570.905
556.814
556.781
550.404
548.567
548.251
548.292
549.505
524.446
525.986
524.525
524.446
524.221
524.188
524.205
523.979
531.202
506.917
506.917
513.395
506.917
505.852
512.017
521.001
505.602
505.746
505.573
481.276
483.350
484.240
481.270
479.543
479.552
479.387
444.491
445.066
441.473
433.206
433.904
433.133
428.672
427.324
421.307
412.935
414.157
415.404
411.269
411.332
496.121
415.814
419.270
411.278
411.269
411.269
383.480
387.262
383.480
383.298
383.298
383.293
383.430
383.187
383.187
383.024
381.713
381.711
381.711
381.711
383.959
381.724
381.739
380.044
380.049
379.728
379.728
376.471
374.668
374.788
374.668
374.497
374.659
374.836
374.497
374.491
375.069
374.491
374.497
374.491
376.388
372.799
372.799
372.799
372.916
374.608
378.056
372.868
372.926
372.799
370.433
367.947
368.627
367.947
367.947
367.899
368.019
367.898
367.898
367.969
367.906
367.746
367.746
367.072
366.974
366.972
366.972
367.396
366.972
367.053
366.984
366.972
366.972
366.894
366.892
366.892
379.906
366.894
367.326
366.892
366.896
366.892
366.892
366.892
366.973
366.890
366.714
367.580
367.139
366.714
366.725
366.710
366.864
366.701
366.702
366.718
365.532
365.825
365.805
365.532
365.532
365.539
365.532
365.546
365.600
365.532
365.532
365.532
365.532
365.527
365.527
365.529
365.801
366.534
365.527
365.527
364.717
365.370
365.068
364.717
364.758
364.100
364.095
364.094
364.094
364.354
364.125
364.094
363.932
363.588
363.869
367.348
363.591
363.588
364.902
362.988
362.983
364.298
363.167
362.886
362.886
362.886
362.861
363.666
362.861
362.858
363.194
362.842
362.842
362.934
362.842
362.842
362.905
362.799
362.799
362.799
362.799
362.763
362.731
362.739
362.717
362.751
362.596
362.603
362.559
362.499
362.473
362.570
362.468
363.987
362.468
362.468
362.461
362.454
362.454
362.672
362.461
362.454
362.454
362.457
362.420
362.500
362.420
362.556
362.420
362.420
362.433
363.073
362.420
362.479
362.431
362.572
362.468
362.420
362.442
362.419
362.420
362.416
362.389
362.388
362.366
362.366
362.366
361.534
362.347
361.534
361.521
361.521
361.521
361.312
361.312
361.312
361.306
362.433
362.898
361.306
361.483
361.307
361.306
361.256
361.226
361.228
361.298
361.226
361.224
361.224
361.224
361.224
361.224
361.237
361.224
361.224
361.224
361.224
361.224
361.224
361.272
361.224
361.224
361.224
361.240
361.224
361.224
361.223
361.223
361.223
361.223
361.223
361.570
361.223
361.223
361.223
361.223
361.223
361.223
361.223
361.223
362.146
361.223
361.223
361.223
361.427
361.223
361.223
361.223
361.223
361.223
361.223
361.223
361.223
361.223
361.223
361.223
361.221
362.943
361.224
361.360
361.221
361.221
361.179
361.179
365.070
361.179

Results for SA: 
Correctly classified 19247.0 instances.
Incorrectly classified 753.0 instances.
Percent correctly classified: 96.235%
Training time: 74.689 seconds
Testing time: 0.148 seconds

inputLayer=16, hiddenLayer=16, outputLayer=1, trainingIterations=500, coolingRate=0.150000
