
Error results for SA(Cooling Rate: 0.55)
---------------------------
2035.430
2035.430
2040.951
2040.951
2026.358
2033.465
2017.818
2028.226
1958.852
2122.911
2265.365
2265.377
2257.896
2257.888
2258.276
2266.191
2212.256
2213.491
2097.750
2098.277
2098.277
2098.277
2098.230
2098.753
2175.245
2340.544
2425.305
2321.881
2321.686
2388.823
2396.263
2411.454
2447.047
2480.998
2212.117
2209.478
2220.905
2200.835
2311.462
2310.183
2341.054
2341.054
2341.054
2341.018
2340.987
2341.327
2341.327
2263.997
2263.997
2447.382
2480.394
2483.926
2484.852
2484.772
2484.772
2486.621
2508.641
2509.283
2509.283
2753.035
2752.059
2754.174
2754.199
2721.279
2802.974
2738.184
2721.279
2682.433
2850.062
2682.433
2654.844
2648.147
2594.430
2674.570
2577.245
2580.929
2577.318
3358.550
2553.009
2650.705
2552.786
2342.940
2355.410
2342.940
2286.591
2286.107
2181.494
2180.343
2172.187
2299.645
2172.149
2171.290
2191.417
2053.014
2054.494
2054.775
2011.424
1286.849
1286.851
1274.817
1204.625
1194.509
1194.506
1194.506
1194.506
1194.506
1243.066
1196.934
1194.377
1194.377
1194.298
1194.298
1194.289
1194.289
1181.856
1179.858
1194.649
1247.533
1252.317
1118.485
1119.957
1125.001
1114.775
1157.521
1106.344
1103.672
948.489
944.189
1027.879
953.493
944.672
944.152
944.251
940.036
940.034
943.800
982.328
939.735
939.735
939.735
948.090
939.797
950.991
943.095
941.022
933.770
933.585
935.041
956.309
852.477
852.477
808.019
808.029
808.019
849.457
808.019
808.698
808.019
817.609
808.001
773.755
773.545
847.253
695.135
688.207
684.162
684.006
682.203
1021.273
682.221
682.203
682.203
703.988
687.185
683.495
682.256
682.152
680.824
678.354
678.355
670.425
662.595
651.545
651.828
651.617
651.545
663.299
652.243
651.480
649.177
650.773
648.781
625.949
623.945
620.093
620.093
620.101
620.069
621.405
588.780
589.990
588.792
606.910
588.312
588.312
588.312
587.796
588.646
593.038
590.446
587.796
585.829
605.687
585.829
585.636
585.632
585.739
585.621
585.112
691.911
587.852
581.914
582.129
581.911
586.347
582.718
579.476
578.666
571.100
573.699
558.409
558.033
557.771
566.595
559.508
546.482
546.402
549.749
554.265
546.402
546.402
546.055
514.249
725.780
514.249
506.594
505.619
505.619
505.619
505.619
506.048
501.287
501.271
497.112
495.974
495.974
533.680
505.477
495.974
495.974
495.606
495.820
495.190
495.182
495.182
492.035
506.039
492.269
492.350
489.580
489.480
489.378
489.378
489.380
489.384
489.369
490.002
489.369
489.220
489.233
489.220
489.799
489.305
495.032
490.301
489.565
488.029
488.027
478.053
478.032
477.988
477.988
474.150
473.402
436.948
436.914
436.919
436.914
434.366
434.366
434.782
434.366
434.302
454.535
435.000
402.097
402.097
454.954
433.076
400.559
402.448
400.568
401.066
400.559
400.559
405.756
400.558
400.558
405.073
395.591
395.591
395.591
395.591
395.591
395.591
395.603
395.590
395.590
395.588
395.583
395.583
386.873
386.930
386.840
386.966
386.840
387.223
386.823
387.103
386.653
386.653
382.778
382.777
382.776
382.776
382.776
382.811
382.776
375.507
370.771
370.771
370.771
370.771
370.771
370.771
370.771
370.771
373.218
370.770
370.770
370.770
370.765
370.626
371.271
370.361
370.361
370.342
370.161
370.161
370.161
370.161
370.161
370.179
370.161
370.156
370.153
370.153
370.153
370.153
370.153
370.153
370.152
370.152
370.152
370.159
370.155
370.152
370.153
369.833
369.833
366.713
366.713
366.713
366.714
366.713
366.713
366.713
366.713
366.713
366.713
366.704
366.704
366.704
366.715
366.704
366.704
366.704
366.704
367.368
367.484
366.705
366.704
366.704
366.704
366.701
366.701
366.701
366.701
366.701
366.701
366.701
366.701
366.080
366.080
366.080
366.080
366.080
366.080
366.612
366.080
366.080
366.080
366.081
366.077
364.968
364.968
364.968
364.967
364.967
364.967
364.967
364.967
366.142
364.967
364.967
364.967
364.967
364.967
365.888
364.967
364.058
364.058
364.058
364.059
364.061
364.058
362.898
363.934
362.898
362.926
362.898
362.898
362.898
362.898
363.310
362.898
362.898
362.900
362.898
362.899
362.898
362.898
362.899
362.898
362.898
362.898
362.898
362.899
362.898
362.898
362.898
362.898
363.680
362.898
362.898
362.898
362.898
362.898
362.923
362.898
362.837
362.837
362.837
362.837
362.837
363.869
362.837
362.837
362.837
362.837

Results for SA: 
Correctly classified 19247.0 instances.
Incorrectly classified 753.0 instances.
Percent correctly classified: 96.235%
Training time: 81.376 seconds
Testing time: 0.145 seconds

inputLayer=16, hiddenLayer=16, outputLayer=1, trainingIterations=500, coolingRate=0.550000
