
Error results for SA(Cooling Rate: 0.75)
---------------------------
1702.504
1702.504
1671.424
1874.165
2039.305
2044.089
2003.541
2003.953
2003.470
1995.634
1995.744
1925.605
2353.742
2443.475
2399.085
3541.009
3538.810
3550.614
3558.072
3082.157
3078.077
3050.036
3078.316
3082.973
2899.824
2949.506
2947.952
2947.694
2941.268
2973.897
2951.738
2979.760
2654.103
2658.117
2651.867
2317.595
2311.303
2301.740
2248.833
2223.521
2222.595
2082.073
1953.175
1934.150
1915.881
1946.900
1638.029
1638.029
1637.945
1871.590
1863.306
1865.820
1805.940
2028.700
2028.218
1963.237
1962.733
1956.187
1957.213
1957.213
1937.379
1935.619
1858.731
1867.840
1366.453
1698.472
1647.628
1647.660
1639.289
1640.647
1640.639
1640.584
1640.597
1640.797
1338.177
1404.720
1490.996
1389.106
1389.106
1379.434
1386.575
1362.667
1375.046
1375.234
1372.139
1341.702
1351.151
1351.298
1351.298
1350.662
1387.979
1370.874
1370.877
1384.154
2048.284
2037.235
2036.216
1647.794
1647.794
1647.246
1647.243
1671.121
1692.139
1702.033
1712.640
1712.921
1607.897
1606.904
1606.818
1325.811
1325.251
1325.251
1325.726
1327.861
1385.386
1385.386
1385.383
1375.489
1375.594
1375.295
1411.622
1410.613
1459.283
1410.613
1421.678
1448.434
1357.043
1350.171
1331.044
1341.460
1319.683
1319.042
1394.987
1360.852
1317.885
1307.042
1288.563
1288.361
1046.831
1085.758
1048.619
1059.282
1046.831
1042.242
1043.979
1039.790
783.560
778.177
777.877
721.495
679.687
714.101
679.687
705.262
680.064
675.396
658.051
724.610
672.900
664.073
658.051
655.082
684.041
659.929
548.577
523.440
525.369
583.495
523.440
516.222
517.936
513.793
666.872
514.159
514.273
500.498
487.817
487.817
487.839
575.386
487.817
487.443
487.443
467.475
467.663
472.940
468.291
468.038
467.446
467.426
461.298
457.946
457.837
457.402
457.306
458.421
412.416
396.166
396.166
395.749
395.749
395.886
395.850
395.835
407.312
394.164
394.056
393.540
397.374
379.682
380.745
379.724
379.689
379.682
376.554
378.984
373.685
373.744
373.684
371.183
371.587
370.645
373.488
370.492
370.116
366.187
366.840
366.129
366.220
366.062
366.062
362.248
362.160
362.160
362.160
362.184
360.400
363.811
360.454
360.375
362.599
359.669
359.669
360.280
359.568
359.568
359.576
359.674
359.492
362.413
359.492
358.659
357.788
357.800
359.748
357.722
358.408
357.722
357.722
357.721
357.725
357.686
357.686
357.686
357.472
357.472
357.472
357.472
357.472
363.144
357.371
357.371
357.393
356.640
356.640
357.748
356.726
358.266
356.640
353.782
356.091
361.567
353.789
354.152
353.760
356.964
353.740
353.740
353.741
358.810
359.175
354.211
353.746
353.878
353.738
353.744
353.738
357.092
353.735
353.584
353.584
362.430
353.585
353.637
353.543
353.547
353.543
354.658
353.543
356.618
354.376
354.695
353.543
353.543
353.543
353.543
353.543
353.540
353.534
358.034
358.336
353.480
353.339
353.339
371.343
353.339
353.354
353.336
353.336
353.708
353.335
353.335
353.338
354.662
353.336
353.335
354.575
353.379
354.035
355.071
353.332
354.727
353.332
353.332
353.332
353.651
353.344
353.332
353.332
353.332
353.334
353.449
353.332
354.419
353.332
353.561
353.332
353.199
353.279
353.208
353.199
353.326
353.199
352.814
352.814
356.544
352.891
355.693
354.006
352.965
352.815
352.814
362.058
352.639
352.623
352.613
352.613
352.613
354.674
352.777
352.637
352.593
352.593
352.593
352.593
352.592
352.545
352.545
354.982
352.545
352.545
354.619
352.546
352.545
352.545
355.145
352.545
352.545
352.618
352.603
352.547
352.545
356.866
352.545
355.096
352.545
352.883
352.545
352.753
352.545
352.545
352.545
352.987
358.280
352.547
352.545
360.600
352.545
352.723
352.545
352.427
352.586
352.426
352.425
352.425
352.410
353.205
352.410
352.410
352.410
354.551
352.410
352.410
352.409
352.410
352.407
352.406
352.406
352.331
354.737
352.332
352.318
352.314
352.314
352.314
352.314
352.319
352.313
355.025
352.314
352.501
352.313
352.313
354.429
352.313
352.313
352.148
352.148
352.148
352.169
352.148
352.173
354.564
352.148
352.168
352.149
352.148
352.148
352.150
352.144
352.144
352.144
352.143
352.143
352.143
352.143
354.447
352.143
352.121
354.300
352.117
352.117
352.159
352.969
352.914
352.117
352.117
352.117
352.117
352.117
352.117
353.855
352.117
352.137
352.132
352.117
352.117
352.117
352.114
352.149

Results for SA: 
Correctly classified 19247.0 instances.
Incorrectly classified 753.0 instances.
Percent correctly classified: 96.235%
Training time: 82.692 seconds
Testing time: 0.150 seconds

inputLayer=16, hiddenLayer=16, outputLayer=1, trainingIterations=500, coolingRate=0.750000
