
Error results for SA(Cooling Rate: 0.35000000000000003)
---------------------------
4501.497
4501.497
4488.398
4488.398
4487.988
4093.862
4030.615
4030.615
4517.881
4517.883
4526.177
4514.871
4638.594
4638.594
4642.600
4605.886
4684.642
4647.593
4660.399
4664.391
4599.703
4611.640
4579.885
4625.695
4496.287
4353.760
4202.068
3868.337
3887.572
3887.522
3876.556
3871.193
4082.596
4043.462
4043.817
4116.512
3991.956
3593.172
3515.328
3513.101
3377.054
3374.828
3374.828
3376.453
3521.807
3864.927
3053.651
2628.742
2628.738
2628.735
2628.984
2624.515
2636.019
2950.067
2624.515
2624.540
1865.670
1824.015
1734.314
1735.860
1734.301
1733.427
1832.865
1733.418
1760.001
1734.416
1911.235
1920.161
1887.191
1513.491
1561.054
1485.287
1485.281
1485.289
885.261
936.784
885.295
1321.840
859.542
859.690
1271.970
846.714
841.594
834.491
834.492
719.558
719.560
719.594
783.939
669.368
662.177
662.195
636.443
667.564
657.944
650.305
636.556
645.807
638.807
626.005
610.128
665.623
542.052
638.861
538.369
538.417
538.369
559.455
538.369
514.065
524.185
516.389
514.065
517.556
512.205
471.016
466.908
462.514
462.031
490.854
445.695
446.006
458.492
445.695
430.322
430.322
424.340
424.341
420.759
420.759
419.896
419.720
419.947
439.748
422.930
419.720
419.841
419.720
421.992
419.718
419.717
420.169
419.572
424.040
419.573
416.608
416.874
416.608
413.408
415.992
411.454
413.446
419.827
411.453
411.473
411.143
411.143
437.021
411.326
418.310
400.125
412.564
400.298
400.100
400.289
400.214
400.102
400.100
399.440
399.405
392.035
392.034
392.027
393.759
392.062
391.617
391.525
403.933
391.684
391.408
404.238
391.406
391.377
391.376
391.891
392.145
391.376
384.781
404.523
384.527
384.523
384.519
385.998
384.322
384.324
384.312
412.068
391.719
385.076
383.892
383.909
383.892
383.892
385.223
383.817
383.239
383.239
383.236
383.274
383.272
383.490
383.158
386.868
383.156
383.473
383.156
382.899
388.494
382.899
389.261
382.720
382.746
386.089
382.435
386.048
382.470
373.389
373.389
375.451
373.429
373.490
372.184
372.184
372.184
368.549
368.549
368.543
368.543
368.543
368.595
368.990
369.309
373.299
368.901
368.037
368.093
368.035
368.057
367.526
368.300
367.524
366.733
366.734
366.618
366.605
366.779
366.411
366.286
366.278
366.233
366.223
366.252
364.516
365.106
364.514
365.142
364.517
364.492
364.492
364.500
364.490
364.490
364.490
364.490
364.478
365.238
364.573
364.478
364.478
364.478
364.478
365.832
364.478
364.480
364.478
364.478
364.478
364.478
364.440
363.295
363.295
365.209
363.297
363.295
363.292
363.292
363.218
364.609
363.218
363.218
363.215
363.212
364.036
364.676
363.212
363.212
363.212
363.211
363.249
363.241
363.211
363.297
363.214
363.211
363.212
363.211
363.211
363.211
363.211
363.281
363.211
364.613
363.214
363.211
363.211
363.155
363.157
363.155
363.155
363.167
363.155
363.768
362.765
362.765
362.765
362.762
362.762
364.704
362.762
362.762
362.762
362.810
360.743
360.743
360.743
359.286
358.711
360.751
359.308
358.779
358.656
358.353
358.353
358.353
359.622
358.353
359.879
362.282
358.353
358.353
361.825
358.446
358.353
359.330
358.353
358.352
357.906
357.906
357.906
357.906
359.497
357.906
357.906
357.906
357.906
357.906
357.906
357.906
357.906
357.906
357.906
357.830
359.277
357.830
357.830
357.830
357.790
358.644
357.786
357.786
357.786
359.764
357.777
357.777
357.748
357.748
357.751
357.886
357.747
357.747
357.726
357.821
357.727
357.726
357.726
357.726
357.726
359.427
357.726
357.642
357.642
357.642
357.642
357.642
357.642
357.609
357.609
357.632
357.609
357.609
357.609
357.609
357.609
357.609
357.609
357.609
357.609
357.609
357.609
357.609
357.829
357.609
361.616
361.486
357.609
358.117
357.609
357.248
358.488
362.137
357.837
358.332
357.248
357.248
357.327
357.847
357.313
357.248
357.507
357.248
357.248
357.248
359.654
357.248
357.248
357.248
357.228
357.484
357.228
357.224
357.225
360.337
357.292
357.378
357.224
358.689
357.224
357.224
357.216
357.235
357.216
360.118
357.216
357.216
357.216
357.218
357.216
357.216
357.216
357.216
357.216
357.216
357.216
357.216
357.604
357.216
358.246
357.216
357.216
357.216
357.216
357.216
360.741
357.216
360.279
357.216
357.216
357.216
357.216
357.237

Results for SA: 
Correctly classified 19247.0 instances.
Incorrectly classified 753.0 instances.
Percent correctly classified: 96.235%
Training time: 76.999 seconds
Testing time: 0.104 seconds

inputLayer=16, hiddenLayer=16, outputLayer=1, trainingIterations=500, coolingRate=0.350000
