
Error results for SA(Cooling Rate: 0.95)
---------------------------
5885.244
5885.244
5885.244
5885.117
5821.004
5816.499
5815.321
5840.539
5841.771
5685.944
5653.749
5650.903
5650.237
5649.210
5651.324
5742.792
5736.517
5739.832
5741.856
6025.479
6028.468
6106.973
6081.098
6697.087
6767.659
6767.660
6769.226
6791.454
6786.102
6785.025
6785.049
6906.407
7054.506
7054.506
7050.040
7051.236
7085.837
7108.792
7522.500
7436.776
7450.130
7450.957
7430.080
7457.375
7450.854
7463.058
7619.146
7657.706
7890.769
7881.330
7729.567
7729.337
7659.660
7607.127
7579.489
7449.870
6536.912
6697.374
6693.080
6729.280
6630.493
6657.152
6658.674
6655.180
6708.534
6705.436
6582.395
6600.691
6649.048
6650.215
6550.034
6547.280
6457.955
6459.589
6459.589
6324.456
6324.452
6295.418
6294.083
6290.551
6291.034
6272.545
5812.731
5827.393
5828.365
5853.738
5847.555
6299.387
6507.491
6726.569
6596.993
6489.896
6312.696
6393.674
6393.674
6030.926
6034.144
6053.498
6051.481
6051.487
5800.043
5790.770
5775.050
5775.050
5776.505
5847.282
5847.310
5847.318
5878.392
5878.614
5933.202
5942.622
5941.545
5941.550
5941.062
6389.910
6389.659
6389.659
6406.005
6354.730
6356.191
6329.772
6335.187
6097.198
6084.070
6082.568
6082.568
6163.661
6111.680
5992.065
5992.064
6085.156
6105.360
6103.990
6110.157
6110.157
6111.137
6083.968
6086.821
6057.025
6041.235
5881.723
5897.186
5898.487
5897.146
5909.057
6005.831
5972.224
5543.405
5435.990
5388.315
5344.756
5344.756
5314.885
5396.014
5382.949
4636.678
4647.827
4667.586
4667.586
4672.373
4162.476
4496.061
4488.027
4488.027
4486.127
4486.127
4487.380
5465.390
5465.390
5465.261
5465.261
5364.890
5434.289
5434.288
5206.924
5202.972
5194.787
5162.106
5161.349
5161.349
5161.358
5109.054
5109.054
4806.850
4800.210
4959.949
4994.260
5071.479
5067.427
5045.017
5045.077
5042.701
5110.330
5114.734
5029.270
5029.269
5164.377
4858.689
4856.228
4792.609
4755.145
4747.015
4692.982
4638.775
4638.277
4638.273
4638.273
4513.937
4557.884
4557.744
4554.487
4578.368
4578.389
4578.389
4564.273
5290.439
5294.539
5210.789
5158.600
5158.600
5262.938
5272.092
5422.346
5400.850
5401.096
5233.034
5233.037
5228.812
5215.849
5280.058
5280.054
5662.783
5662.786
5692.182
5690.470
5690.471
5690.454
5691.563
5691.682
5658.898
5631.629
5631.001
5626.949
5550.671
5542.201
5560.920
5560.284
5555.591
5563.474
5813.481
5848.769
5848.769
5852.747
5851.468
5892.170
5935.584
5933.497
5933.497
5933.481
5932.846
5932.842
5938.652
5938.649
5932.879
6207.813
6279.728
6017.232
6016.964
6075.013
6086.905
6086.899
6088.745
6088.749
6084.687
6084.532
6084.775
6072.065
6087.157
7111.856
7015.279
7016.108
7136.663
7125.168
7125.168
7125.104
7125.106
7125.255
7118.847
6826.457
6806.954
6779.027
6770.937
6770.704
6770.692
6751.958
6661.522
7164.520
7166.133
7187.471
7207.396
7191.816
7227.080
7230.394
7208.067
7213.928
7213.928
7219.069
7205.419
7205.419
7200.302
7200.302
7051.264
7002.272
7002.322
6967.221
6964.274
6964.743
6971.728
6989.143
6988.000
7192.229
7194.414
7293.783
7292.497
7287.292
7448.087
7448.014
7487.095
7487.094
7485.424
7668.263
7652.854
7671.930
7671.466
7666.052
7662.298
7662.234
7662.234
7662.234
7690.168
7690.168
7894.238
7884.545
7886.906
7887.302
7851.587
7840.526
7850.054
7872.214
7770.574
7770.509
7769.880
7741.726
7744.697
7748.671
7748.673
7786.346
7759.935
7759.935
7318.918
7313.793
7312.682
7482.237
7543.038
7543.037
7513.536
7513.933
7545.053
7706.727
8114.751
8114.428
8163.315
8154.410
8166.051
8564.359
8266.750
8266.474
8266.789
8364.202
8364.202
8350.429
8375.982
8375.983
8375.983
8389.346
8389.529
8394.464
8394.656
8400.088
8489.057
8493.012
8493.012
8507.662
8507.693
8466.329
8474.471
8471.259
8471.631
8471.629
8470.794
8471.592
8471.592
8516.798
8516.911
8516.856
8511.066
8511.066
8461.763
8457.008
8456.815
8457.207
8457.207
8455.039
8447.078
8467.613
8450.257
8449.947
8449.947
8449.093
8751.105
8727.602
8729.145
8730.481
8730.481
8732.227
8723.472
8653.811
8660.928
8659.256
8617.843
8942.566
8944.828
8933.342
8933.342
8933.342
8927.850
8929.819
8927.388
8928.031
8742.670
8683.398
8683.398
8745.509
8745.509
8744.598
8693.384
8693.313
8693.399
8693.215
8670.678
8671.446
8674.125
8676.007
8679.042
8697.906
8633.225
8567.626
8557.033
8557.034
8540.119
8540.250
8540.284
8502.229
8501.267
8501.267
8588.743
8597.071
8597.071
8597.071
8527.848
8525.188
8525.395
8538.300
8540.149
8641.085
8650.075
8655.329
8670.817
8671.715
8676.087
8661.653
8657.034
8656.847
8656.857
8657.134
8706.071
8745.095
8783.057
8783.077
8770.173
8888.472
8885.374
8869.726
8878.053
8847.107
8830.130
8829.889
8605.466
8610.753

Results for SA: 
Correctly classified 753.0 instances.
Incorrectly classified 19247.0 instances.
Percent correctly classified: 3.765%
Training time: 84.846 seconds
Testing time: 0.150 seconds

inputLayer=16, hiddenLayer=16, outputLayer=1, trainingIterations=500, coolingRate=0.950000
